female	married	nevermar	wkswork	wsal	age	hsdeg	somecol	colldeg	msdoc	hrswkd	nonwht	hispanic	stateid
0	1	0	52	67000	39	0	0	0	1	50	0	0	49
0	1	0	52	80000	30	0	1	0	0	40	0	0	49
1	0	0	52	77000	64	0	0	1	0	40	0	0	49
0	1	0	52	35000	61	1	0	0	0	40	0	0	49
1	1	0	52	64000	45	0	1	0	0	35	0	0	49
0	1	0	52	41000	53	0	0	1	0	60	0	0	49
0	0	0	52	34000	35	1	0	0	0	40	0	1	49
1	1	0	52	25000	53	0	1	0	0	52	0	0	49
0	1	0	52	40000	55	1	0	0	0	40	0	0	49
0	1	0	52	48000	38	1	0	0	0	40	0	0	49
1	1	0	52	77000	31	0	1	0	0	60	0	0	49
0	0	0	52	24000	39	1	0	0	0	40	0	0	49
0	0	0	52	60000	36	0	0	0	0	40	0	1	49
0	1	0	52	80000	63	0	1	0	0	60	0	0	49
1	1	0	52	30000	56	1	0	0	0	40	0	0	49
1	1	0	52	38000	42	1	0	0	0	39	0	0	49
0	1	0	52	52000	43	1	0	0	0	80	0	0	49
0	1	0	52	43000	38	0	1	0	0	50	0	0	49
0	0	0	52	53000	28	1	0	0	0	40	1	1	49
1	0	0	52	50000	24	1	0	0	0	40	1	0	49
0	1	0	52	20000	25	1	0	0	0	70	0	0	49
1	0	0	52	22000	27	0	1	0	0	37	0	0	49
0	1	0	52	25000	44	1	0	0	0	40	0	0	49
0	0	0	52	46000	39	0	1	0	0	40	0	0	49
0	1	0	52	40000	32	0	0	1	0	40	0	0	49
0	1	0	52	60000	64	0	0	0	1	50	0	0	49
0	1	0	52	50000	48	0	1	0	0	48	0	0	49
1	1	0	52	55000	43	0	0	0	1	45	0	0	49
1	1	0	52	40000	56	0	1	0	0	50	0	0	49
0	1	0	52	48000	55	1	0	0	0	40	0	0	49
0	1	0	52	76000	46	0	0	0	1	40	0	0	49
0	1	0	52	65000	57	0	0	0	1	40	0	0	49
1	0	1	52	18000	32	0	1	0	0	40	0	0	49
1	0	1	50	25600	30	0	0	1	0	40	0	0	49
0	1	0	49	18700	28	0	1	0	0	40	0	0	49
1	0	1	52	22000	34	1	0	0	0	40	0	0	49
0	0	0	52	75000	60	0	1	0	0	40	0	0	49
0	1	0	52	75829	62	0	1	0	0	48	0	0	49
1	1	0	52	2800	30	0	0	0	1	50	0	0	49
0	1	0	52	78000	43	0	0	0	1	40	0	0	49
0	1	0	52	61000	41	0	0	1	0	45	1	0	49
0	1	0	52	60510	35	0	0	0	1	40	1	0	49
1	1	0	52	54602	44	0	0	0	1	40	1	0	49
0	1	0	52	42800	39	0	0	1	0	40	0	0	49
0	1	0	52	115000	54	0	1	0	0	40	0	0	49
0	1	0	52	52000	42	0	0	1	0	40	0	0	49
1	1	0	52	42000	41	0	0	1	0	40	0	0	49
1	0	1	52	53000	59	0	0	0	1	40	0	0	49
0	1	0	50	106000	41	0	0	1	0	45	0	0	49
1	1	0	52	32000	57	1	0	0	0	48	0	0	49
0	1	0	52	40000	62	1	0	0	0	40	0	0	49
0	0	1	52	7000	26	0	1	0	0	42	0	0	49
0	0	1	52	23400	24	0	1	0	0	40	0	0	49
0	0	1	52	30000	24	1	0	0	0	40	0	0	49
1	1	0	52	17000	34	0	1	0	0	36	0	0	49
0	1	0	52	29000	36	0	1	0	0	48	0	0	49
0	1	0	52	66000	61	0	1	0	0	40	0	0	49
1	1	0	52	26000	60	1	0	0	0	35	0	0	49
1	1	0	52	57000	36	0	1	0	0	40	0	0	49
0	1	0	48	85000	41	1	0	0	0	40	0	0	49
1	0	1	52	35000	62	0	1	0	0	45	0	0	49
0	1	0	52	23000	26	0	1	0	0	40	0	0	49
0	1	0	52	21000	26	0	1	0	0	40	0	0	49
1	1	0	52	18000	24	0	1	0	0	45	0	0	49
1	0	1	52	82000	38	0	0	1	0	40	0	0	49
1	0	1	52	83200	31	0	0	1	0	40	0	0	49
1	1	0	52	48500	41	0	0	0	1	40	0	0	49
0	1	0	52	60000	45	0	1	0	0	60	0	0	49
1	1	0	52	45000	48	0	0	0	1	40	1	0	49
0	1	0	52	55000	34	0	0	1	0	65	0	0	49
1	1	0	52	62000	50	0	0	0	1	50	0	0	49
1	1	0	52	43000	28	0	0	1	0	40	0	1	49
0	1	0	52	45000	36	0	0	0	0	50	0	1	49
0	0	0	52	68000	50	0	1	0	0	48	0	0	49
0	1	0	52	11200	45	0	1	0	0	40	0	1	49
1	1	0	52	25000	45	1	0	0	0	40	0	1	49
0	1	0	52	81000	43	0	0	0	1	45	1	0	49
0	1	0	52	24000	47	0	0	0	0	40	0	1	49
0	1	0	52	50000	37	1	0	0	0	40	0	1	49
0	1	0	52	40000	28	0	1	0	0	45	0	1	49
0	1	0	52	80000	59	1	0	0	0	50	0	0	49
0	1	0	52	28000	62	0	1	0	0	40	1	1	49
0	1	0	52	71000	27	1	0	0	0	40	0	0	49
0	1	0	52	50000	38	0	1	0	0	40	0	0	49
0	1	0	52	250000	39	0	0	1	0	50	0	0	49
0	1	0	52	114300	39	0	1	0	0	55	0	0	49
0	1	0	52	40000	24	0	1	0	0	40	0	0	49
0	1	0	52	25000	30	0	1	0	0	40	0	0	49
0	1	0	52	58000	25	0	1	0	0	40	0	0	49
0	1	0	52	39000	37	1	0	0	0	40	0	0	49
0	1	0	52	68000	39	0	1	0	0	50	0	0	49
0	1	0	52	40000	33	1	0	0	0	48	0	0	49
0	1	0	52	28000	43	0	0	1	0	50	0	0	49
1	0	1	52	30000	34	0	0	1	0	40	0	0	49
0	1	0	52	101000	50	0	0	1	0	36	0	1	49
0	1	0	52	68000	43	1	0	0	0	36	0	0	49
1	1	0	52	28000	40	0	1	0	0	36	0	0	49
0	1	0	52	85000	58	0	1	0	0	40	0	0	49
0	1	0	52	31700	50	0	0	0	0	40	0	1	49
0	1	0	52	20000	29	0	0	1	0	70	0	0	49
0	1	0	52	150000	43	0	0	1	0	50	0	0	49
0	0	1	52	49999	30	0	1	0	0	40	0	0	49
1	1	0	52	28000	28	0	1	0	0	40	0	0	49
0	0	1	52	25000	51	1	0	0	0	40	0	1	49
0	1	0	52	120000	45	0	1	0	0	60	0	0	49
0	0	1	52	45800	44	0	0	1	0	40	0	0	49
0	1	0	52	56000	31	0	0	0	1	70	0	0	49
0	0	0	52	37500	51	0	1	0	0	35	0	0	49
0	0	1	52	65000	51	0	1	0	0	60	0	0	49
0	1	0	52	98000	56	0	1	0	0	40	0	0	49
0	1	0	52	55000	34	0	1	0	0	50	1	0	49
1	0	1	52	30000	50	0	1	0	0	36	0	0	49
0	0	0	52	37000	24	1	0	0	0	40	0	0	49
0	0	1	52	20002	28	0	0	0	0	40	0	1	49
0	1	0	52	75000	49	0	0	1	0	35	0	0	49
0	0	0	52	88000	45	0	1	0	0	50	0	1	49
0	1	0	48	500000	46	0	0	0	1	50	0	0	49
0	1	0	52	21000	57	1	0	0	0	40	0	1	49
1	1	0	52	21000	54	1	0	0	0	40	0	1	49
0	1	0	52	140000	62	0	0	1	0	45	0	0	49
0	1	0	52	140000	40	0	0	0	1	40	0	0	49
0	1	0	52	89000	59	0	0	1	0	40	0	0	49
1	1	0	52	70000	60	0	0	1	0	40	0	0	49
0	0	0	52	60000	48	0	0	0	1	40	0	0	49
1	1	0	52	32800	29	0	0	1	0	40	0	0	49
0	1	0	52	86000	41	0	0	1	0	40	0	0	49
1	1	0	52	82000	28	0	0	0	1	45	0	0	49
0	1	0	52	72000	28	0	0	1	0	52	1	0	49
0	1	0	52	75000	49	0	0	1	0	52	1	0	49
1	1	0	52	104000	43	0	0	1	0	45	0	0	49
1	1	0	52	29000	40	1	0	0	0	40	0	0	49
0	1	0	52	88500	40	0	1	0	0	45	0	0	49
0	0	1	52	146500	47	1	0	0	0	47	0	0	49
0	0	0	52	35000	34	1	0	0	0	40	0	1	49
0	1	0	52	62000	46	0	1	0	0	60	0	0	49
1	0	1	52	37000	47	0	0	1	0	40	0	0	49
0	1	0	52	55000	40	0	0	1	0	40	0	0	49
0	1	0	52	80000	38	0	0	1	0	40	0	0	49
1	1	0	52	90000	28	0	1	0	0	40	0	0	49
0	1	0	52	55000	35	1	0	0	0	40	0	1	49
0	1	0	52	60000	29	0	1	0	0	40	0	0	49
0	1	0	52	150000	47	0	0	0	1	40	0	0	49
1	1	0	52	23500	26	1	0	0	0	40	0	0	49
0	1	0	52	87434	26	0	1	0	0	47	0	1	49
0	1	0	52	45000	51	0	1	0	0	40	0	0	49
1	1	0	52	94000	46	0	0	1	0	40	0	0	49
1	1	0	52	40000	47	1	0	0	0	40	0	0	49
0	1	0	52	70000	60	0	0	1	0	40	0	0	49
1	1	0	52	400000	47	0	0	1	0	40	0	0	49
0	1	0	52	100000	48	0	0	0	1	40	0	0	49
0	1	0	52	30000	34	1	0	0	0	60	0	0	49
1	0	0	52	20000	48	0	0	0	0	40	0	0	49
1	1	0	52	36000	51	1	0	0	0	42	0	1	49
0	1	0	52	15000	56	1	0	0	0	40	0	0	49
1	1	0	52	42000	50	0	1	0	0	40	0	0	49
0	1	0	52	58000	53	0	1	0	0	40	0	0	49
0	1	0	52	18000	24	1	0	0	0	40	1	0	49
0	0	0	52	152400	46	0	0	0	1	40	0	0	49
0	1	0	52	80000	57	0	0	0	1	40	0	0	49
0	1	0	52	109000	29	0	0	0	1	40	0	0	49
1	1	0	52	22000	49	1	0	0	0	40	0	0	49
0	1	0	52	55000	61	1	0	0	0	40	0	0	49
0	1	0	52	125000	41	0	0	0	1	40	0	0	49
0	0	1	52	50000	62	1	0	0	0	41	0	0	49
1	0	0	52	22000	42	1	0	0	0	52	0	1	49
0	0	1	52	30000	27	0	1	0	0	40	0	0	49
1	0	1	52	27000	27	0	1	0	0	38	0	0	49
0	0	0	52	26000	39	0	1	0	0	40	0	0	49
0	1	0	52	70000	49	0	0	1	0	44	0	1	49
0	1	0	52	90000	42	1	0	0	0	40	0	0	49
1	1	0	52	52000	32	1	0	0	0	50	0	1	49
0	1	0	52	90000	56	0	0	1	0	40	0	1	49
0	1	0	52	59000	61	0	0	0	1	40	0	1	49
0	1	0	52	95000	27	0	0	1	0	45	0	0	49
0	1	0	52	42000	35	0	0	0	1	40	1	0	49
1	1	0	52	35000	32	0	0	1	0	40	0	0	49
0	1	0	52	200000	45	0	0	1	0	50	0	0	49
0	1	0	52	57000	52	0	0	1	0	40	0	0	49
0	1	0	52	95000	40	0	0	0	1	40	0	0	49
0	1	0	52	260000	53	0	0	0	1	40	0	0	49
0	1	0	52	124000	31	0	1	0	0	55	0	0	49
0	1	0	52	48000	31	0	0	1	0	40	0	0	49
1	1	0	52	75000	31	0	0	1	0	40	0	0	49
0	1	0	52	20000	29	0	1	0	0	40	1	0	49
0	1	0	52	30000	32	0	0	0	1	40	0	0	49
1	1	0	52	198000	40	0	0	1	0	40	0	0	49
0	1	0	52	37000	55	0	1	0	0	40	0	0	49
1	0	1	52	45000	38	1	0	0	0	40	0	0	49
0	1	0	52	85000	38	0	0	0	1	40	0	0	49
1	1	0	52	30000	41	0	1	0	0	40	0	0	49
1	1	0	52	56500	36	0	0	1	0	40	0	0	49
0	1	0	52	105000	40	0	0	0	1	40	0	0	49
0	1	0	52	58000	34	0	0	0	1	45	0	0	49
0	1	0	52	112000	38	0	0	0	1	50	0	0	49
1	1	0	52	150000	31	0	0	0	1	70	0	0	49
0	1	0	52	150000	38	0	0	0	1	40	0	0	49
1	1	0	48	35000	31	0	1	0	0	35	0	0	49
0	1	0	52	25000	35	0	1	0	0	40	0	0	49
0	1	0	52	75000	43	0	0	1	0	40	0	0	49
0	1	0	52	260000	43	0	0	1	0	60	0	0	49
0	1	0	52	90000	32	0	1	0	0	40	0	0	49
0	1	0	52	99000	57	0	0	1	0	42	0	0	49
0	1	0	52	130000	25	0	1	0	0	50	0	0	49
1	1	0	52	50000	30	0	0	1	0	35	0	0	49
0	1	0	52	70000	55	0	1	0	0	40	0	0	49
0	1	0	52	62000	49	0	0	0	0	45	0	1	49
0	0	1	52	86000	30	0	1	0	0	45	0	0	49
0	1	0	52	75000	53	0	1	0	0	40	0	0	49
0	1	0	52	120000	43	0	0	1	0	50	0	0	49
0	1	0	52	52000	40	0	1	0	0	40	1	0	49
0	1	0	52	50000	62	0	1	0	0	40	0	0	49
0	1	0	52	38000	25	0	1	0	0	40	0	1	49
0	0	1	52	22000	29	1	0	0	0	35	0	0	49
1	1	0	52	112000	58	0	1	0	0	40	0	0	49
0	1	0	52	52000	57	1	0	0	0	40	0	0	49
1	1	0	52	38000	50	0	1	0	0	40	0	0	49
0	1	0	50	130000	54	0	1	0	0	40	0	0	49
0	1	0	52	87000	51	1	0	0	0	40	0	0	49
1	1	0	52	45000	59	0	0	0	0	40	1	1	49
0	1	0	52	32000	30	0	1	0	0	40	0	0	49
0	0	0	52	100000	40	0	1	0	0	40	0	0	49
1	1	0	52	20000	48	0	0	0	0	40	0	1	49
0	1	0	52	28000	41	0	0	0	0	40	0	1	49
1	0	1	52	22000	25	1	0	0	0	40	0	0	49
0	1	0	52	74200	30	0	0	0	1	52	1	0	49
0	1	0	52	57000	34	1	0	0	0	55	0	0	49
0	1	0	52	35000	38	1	0	0	0	40	0	0	49
1	1	0	52	35000	34	0	1	0	0	40	0	0	49
0	1	0	52	35000	42	1	0	0	0	40	0	0	49
1	1	0	52	25000	28	1	0	0	0	40	0	0	49
0	1	0	52	61000	52	0	0	1	0	55	0	0	49
1	1	0	52	33800	27	0	1	0	0	40	0	0	49
0	1	0	52	35000	28	0	1	0	0	40	0	0	49
0	1	0	52	39000	45	1	0	0	0	45	0	0	49
0	1	0	52	66000	41	0	0	0	1	40	0	0	49
0	1	0	52	200000	38	0	0	1	0	60	0	0	49
1	1	0	52	50000	56	0	1	0	0	40	0	0	49
1	1	0	52	40000	28	0	1	0	0	40	0	0	49
0	1	0	52	30000	35	0	0	1	0	40	0	0	49
1	1	0	52	48000	29	0	1	0	0	40	0	0	49
0	1	0	52	45000	36	1	0	0	0	40	0	0	49
1	0	0	52	100000	58	0	1	0	0	50	0	0	49
0	0	1	52	65000	25	1	0	0	0	40	0	0	49
0	0	0	52	60000	44	0	1	0	0	50	0	0	49
0	0	1	52	34000	41	0	1	0	0	40	0	0	49
1	1	0	52	100000	44	0	1	0	0	40	0	0	49
1	0	1	52	46000	39	0	0	1	0	38	0	0	49
1	0	0	52	43000	42	0	1	0	0	40	0	0	49
0	1	0	52	53000	45	0	1	0	0	40	0	0	49
0	1	0	52	32432	54	1	0	0	0	40	0	0	49
0	1	0	52	20000	26	0	1	0	0	40	0	0	49
1	0	0	52	42000	55	0	1	0	0	40	0	1	49
0	1	0	52	205000	54	0	0	0	1	40	0	0	49
1	0	0	52	17000	46	1	0	0	0	36	0	0	49
0	0	0	48	38000	35	0	1	0	0	40	0	0	49
0	1	0	52	97500	36	1	0	0	0	40	0	0	49
0	1	0	52	36783	28	1	0	0	0	40	0	0	49
0	1	0	52	97000	43	0	0	1	0	48	0	0	49
1	1	0	52	41000	43	0	0	0	1	40	0	0	49
0	1	0	52	65000	39	1	0	0	0	40	0	0	49
0	1	0	52	65000	30	0	0	1	0	40	0	0	49
0	1	0	52	160000	52	0	0	0	1	40	0	0	49
0	1	0	52	95000	37	0	0	0	1	40	0	0	49
0	1	0	52	71000	41	0	1	0	0	40	0	0	49
1	1	0	52	32000	41	1	0	0	0	40	0	0	49
1	1	0	52	50000	55	0	1	0	0	40	0	0	49
0	1	0	52	70000	55	1	0	0	0	40	0	0	49
0	1	0	52	26167	30	0	1	0	0	40	0	1	49
0	0	0	52	27000	34	0	1	0	0	40	0	0	49
1	0	1	52	56000	25	1	0	0	0	40	0	0	49
1	0	0	52	40000	26	1	0	0	0	35	0	0	49
0	1	0	52	87500	37	0	1	0	0	56	0	0	49
0	1	0	52	50000	31	0	1	0	0	50	0	0	49
0	1	0	50	107000	37	0	0	1	0	45	0	0	49
0	1	0	52	98000	40	0	0	1	0	40	0	0	49
1	0	0	52	60000	44	0	1	0	0	40	0	0	49
0	0	0	52	51000	54	0	1	0	0	40	0	1	49
0	1	0	52	600000	36	1	0	0	0	35	0	1	49
0	1	0	52	55000	28	0	0	1	0	40	0	0	49
0	0	0	52	107000	59	1	0	0	0	55	0	0	49
0	1	0	52	117000	39	0	0	1	0	40	0	0	49
0	0	0	48	21000	45	1	0	0	0	40	0	0	49
1	1	0	52	33000	37	0	0	1	0	35	0	0	49
0	1	0	52	35000	41	0	0	1	0	35	0	0	49
0	1	0	52	115000	47	0	0	1	0	40	0	0	49
1	1	0	52	45000	45	0	1	0	0	40	0	0	49
1	1	0	52	35000	24	0	1	0	0	40	0	0	49
0	1	0	52	60000	38	0	1	0	0	40	0	0	49
1	1	0	52	90000	41	0	0	0	1	40	0	0	49
0	1	0	52	33000	39	0	1	0	0	60	0	0	49
1	0	1	52	45000	28	0	1	0	0	45	1	0	49
0	1	0	52	140000	41	0	0	1	0	50	0	0	49
0	1	0	52	48000	36	1	0	0	0	40	0	0	49
0	1	0	52	90000	39	0	0	1	0	40	0	0	49
0	1	0	52	196000	41	0	0	0	1	40	0	0	49
1	1	0	52	282000	38	0	0	0	1	55	1	0	49
1	0	1	52	70000	64	0	0	1	0	40	0	0	49
0	1	0	52	70000	50	0	1	0	0	40	0	0	49
1	1	0	52	40000	47	0	1	0	0	40	0	0	49
0	0	0	52	44000	59	0	0	1	0	40	0	0	49
0	0	1	52	55000	40	0	1	0	0	40	0	0	49
0	1	0	52	30000	30	0	1	0	0	40	0	0	49
0	1	0	52	41000	38	0	1	0	0	50	0	0	49
0	1	0	52	52000	47	0	1	0	0	45	0	0	49
0	1	0	52	50000	36	0	1	0	0	45	0	0	49
1	1	0	52	42000	35	0	0	1	0	40	0	0	49
0	1	0	52	230000	41	0	0	0	1	50	0	0	49
0	1	0	52	100000	40	0	0	0	1	45	0	0	49
0	1	0	52	64000	33	0	0	1	0	40	0	0	49
0	1	0	52	65000	35	1	0	0	0	80	0	0	49
0	1	0	52	19200	39	0	0	0	0	40	0	1	49
0	0	1	52	60000	24	1	0	0	0	40	0	0	49
1	1	0	52	27209	31	0	0	0	1	40	0	0	49
0	1	0	52	70000	32	0	0	0	1	45	0	0	49
0	1	0	52	300000	26	0	0	1	0	50	0	0	49
0	1	0	52	225000	35	0	0	1	0	50	0	0	49
0	1	0	52	58000	37	0	1	0	0	45	0	0	49
0	1	0	52	125000	60	0	0	1	0	40	0	0	49
1	1	0	52	43000	46	0	1	0	0	40	0	0	49
0	1	0	52	140000	57	0	0	1	0	40	0	0	49
1	1	0	52	120000	50	0	0	1	0	40	0	0	49
0	1	0	52	100000	51	0	1	0	0	40	0	0	49
1	0	1	52	31000	26	0	1	0	0	40	0	0	49
0	1	0	52	70000	38	0	1	0	0	40	0	0	49
0	1	0	48	120000	36	0	0	1	0	40	0	0	49
1	1	0	52	40000	29	0	1	0	0	43	0	0	49
1	1	0	52	60300	39	0	1	0	0	45	0	0	49
0	1	0	52	48000	45	1	0	0	0	80	0	0	49
0	0	0	52	37000	42	1	0	0	0	40	0	0	49
0	1	0	52	69000	33	0	1	0	0	50	0	0	49
0	1	0	52	20000	37	0	0	0	0	40	0	1	49
1	1	0	52	50000	37	0	0	0	0	40	0	1	49
0	1	0	52	23276	32	0	1	0	0	37	0	0	49
0	0	1	52	21754	34	0	1	0	0	40	0	0	49
0	1	0	52	250000	40	0	1	0	0	40	0	0	49
0	0	1	52	34000	26	0	0	1	0	40	0	0	49
1	0	0	52	28000	38	0	1	0	0	38	0	0	49
0	1	0	52	30000	30	0	0	0	1	60	0	0	49
0	1	0	52	36000	28	0	1	0	0	55	0	0	49
1	1	0	52	28000	26	0	0	1	0	40	1	1	49
0	1	0	52	48000	54	0	0	0	1	40	0	0	49
0	1	0	52	7873	33	0	1	0	0	45	0	1	49
0	1	0	52	160000	44	0	0	1	0	60	0	0	49
0	1	0	52	55000	31	0	1	0	0	40	0	0	49
0	1	0	52	70000	39	0	1	0	0	40	0	0	49
0	0	1	52	36000	26	0	1	0	0	40	0	1	49
0	1	0	52	130000	46	0	1	0	0	40	0	0	49
1	0	1	50	90000	37	0	0	0	1	36	0	0	49
1	1	0	52	94000	48	0	0	0	1	40	0	0	49
1	1	0	52	26000	59	0	1	0	0	40	0	0	49
0	1	0	52	45000	52	1	0	0	0	60	0	0	49
0	1	0	52	30000	27	0	0	0	0	50	0	0	49
0	0	1	52	27000	28	0	1	0	0	50	0	0	49
0	0	1	52	57800	30	1	0	0	0	40	0	0	49
0	0	1	52	12000	28	1	0	0	0	40	0	1	49
1	1	0	52	9000	45	1	0	0	0	40	1	1	49
0	1	0	52	72000	47	0	1	0	0	50	0	0	49
0	1	0	52	25000	31	0	1	0	0	45	0	0	49
0	1	0	52	80000	54	1	0	0	0	40	0	0	49
0	1	0	52	45000	26	0	0	1	0	40	0	0	49
1	0	0	52	28000	56	1	0	0	0	40	0	0	49
0	0	1	52	25000	27	0	0	0	0	35	0	0	49
0	1	0	52	230000	39	0	0	0	1	50	0	0	49
1	1	0	52	60000	27	1	0	0	0	40	0	1	49
0	1	0	52	42000	30	0	0	0	0	40	0	1	49
1	1	0	52	45000	28	0	1	0	0	40	0	0	49
0	1	0	52	45000	30	0	1	0	0	40	0	0	49
0	0	0	52	30000	49	0	0	0	0	40	0	1	49
0	1	0	52	110000	30	0	1	0	0	40	0	0	49
0	1	0	52	60000	46	0	1	0	0	46	0	1	49
1	1	0	52	20000	46	0	0	1	0	40	0	1	49
0	1	0	52	55000	39	1	0	0	0	40	0	1	49
1	1	0	52	23000	35	1	0	0	0	40	0	0	49
1	0	1	52	43000	27	0	0	1	0	75	0	1	49
0	1	0	52	400000	45	0	0	1	0	70	0	1	49
0	1	0	52	27000	44	0	0	1	0	45	0	1	49
1	1	0	50	45000	44	0	0	1	0	38	0	1	49
0	0	0	50	40000	44	0	0	0	0	40	0	1	49
1	1	0	52	9000	52	1	0	0	0	40	0	1	49
0	1	0	52	35000	46	0	1	0	0	40	0	1	49
1	1	0	50	35000	31	1	0	0	0	40	0	1	49
0	1	0	52	75000	47	0	0	0	1	40	0	1	49
0	1	0	52	35000	41	0	0	0	0	40	0	1	49
1	1	0	48	24000	43	0	0	0	0	40	0	1	49
0	1	0	52	1100	51	0	0	0	0	35	0	1	49
0	1	0	52	64000	28	0	0	1	0	40	0	0	49
1	0	0	52	80000	46	0	0	0	1	50	0	0	49
0	1	0	52	220000	49	0	0	1	0	45	0	0	49
0	1	0	52	290000	48	0	0	1	0	40	0	0	49
0	1	0	52	110000	48	0	0	1	0	50	0	0	49
0	1	0	52	120000	39	0	0	0	1	52	0	0	49
0	1	0	52	87500	38	0	1	0	0	56	0	0	49
0	1	0	51	41000	38	0	0	1	0	43	0	0	49
0	1	0	52	40000	25	0	1	0	0	40	0	0	49
0	1	0	51	32000	35	0	1	0	0	40	0	0	49
0	1	0	52	66000	31	1	0	0	0	40	0	0	49
0	1	0	52	82500	29	0	0	1	0	45	0	0	49
0	1	0	52	93000	48	0	0	1	0	40	0	0	49
0	1	0	52	110000	36	0	0	1	0	50	0	0	49
0	1	0	52	70000	55	0	1	0	0	50	0	0	49
1	0	1	52	30000	26	0	1	0	0	40	0	0	49
0	1	0	52	67000	35	0	0	1	0	45	0	0	49
0	1	0	52	46000	37	0	0	0	1	40	0	0	49
0	1	0	52	75000	34	0	0	1	0	40	0	0	49
0	1	0	50	120000	47	0	1	0	0	45	0	0	49
0	1	0	52	56000	36	0	1	0	0	40	0	0	49
0	1	0	52	98000	32	0	0	1	0	40	0	0	49
0	1	0	52	86000	41	0	0	0	1	60	0	0	49
0	1	0	52	117000	36	0	1	0	0	40	0	0	49
1	1	0	52	35000	35	0	1	0	0	50	0	0	49
0	1	0	52	80000	35	0	1	0	0	60	0	0	49
0	1	0	52	200000	40	0	0	1	0	40	0	0	49
1	1	0	52	80000	38	0	0	1	0	40	0	0	49
0	1	0	52	35000	36	0	1	0	0	40	0	0	49
0	1	0	52	95000	50	0	1	0	0	40	0	0	49
1	1	0	52	60709	50	0	1	0	0	40	0	0	49
0	1	0	52	45000	42	0	0	1	0	40	0	0	49
0	1	0	52	150000	42	0	0	0	1	50	0	0	49
0	1	0	52	65000	33	0	0	1	0	42	0	0	49
0	1	0	52	58000	40	0	0	1	0	45	0	0	49
0	1	0	52	130000	38	0	0	0	1	40	0	0	49
1	1	0	52	45000	33	0	1	0	0	40	0	0	49
1	1	0	48	36000	27	0	0	0	1	40	0	0	49
0	1	0	51	48000	29	0	0	1	0	50	0	0	49
0	1	0	52	31500	28	1	0	0	0	40	1	0	49
1	0	1	52	35000	44	0	0	1	0	50	0	0	49
1	0	1	52	37000	40	0	0	1	0	55	0	0	49
0	1	0	52	35000	63	1	0	0	0	40	0	0	49
0	1	0	52	18000	62	0	0	0	0	35	0	1	49
1	1	0	52	40000	58	0	0	0	0	52	0	1	49
0	0	0	52	26000	32	1	0	0	0	40	0	1	49
0	1	0	52	30000	43	0	0	0	0	40	1	1	49
0	1	0	52	36000	31	0	1	0	0	55	0	0	49
1	1	0	52	32000	50	0	1	0	0	40	0	0	49
0	1	0	52	30000	30	0	1	0	0	40	0	0	49
1	1	0	52	40000	29	0	0	1	0	40	0	0	49
0	1	0	52	30000	33	0	1	0	0	50	0	0	49
0	1	0	52	150000	41	0	0	1	0	40	0	0	49
1	1	0	52	28800	38	0	1	0	0	40	0	0	49
0	1	0	52	100000	64	0	1	0	0	50	0	0	49
1	0	0	52	45000	61	0	1	0	0	40	0	0	49
0	1	0	52	15000	59	0	0	0	0	60	0	0	49
1	1	0	52	30000	39	0	1	0	0	40	0	0	49
1	0	0	52	28000	56	1	0	0	0	40	0	0	49
0	1	0	52	44000	31	0	1	0	0	60	1	0	49
0	1	0	52	28000	50	0	0	0	0	40	0	1	49
0	1	0	52	25000	36	1	0	0	0	50	1	1	49
1	1	0	52	20000	30	0	1	0	0	40	0	1	49
0	1	0	52	90002	31	0	0	0	1	40	0	0	49
0	0	1	50	35000	36	1	0	0	0	35	0	0	49
0	0	1	52	30000	36	1	0	0	0	50	0	0	49
0	1	0	52	40000	28	0	1	0	0	40	0	0	49
0	1	0	52	490000	36	0	0	1	0	40	0	0	49
0	1	0	52	30000	46	0	1	0	0	40	0	0	49
1	1	0	52	40000	46	0	0	1	0	35	0	0	49
0	1	0	52	38760	42	0	0	0	0	40	1	0	49
0	1	0	52	40000	32	0	1	0	0	40	0	0	49
0	0	0	52	60000	49	0	0	1	0	50	0	0	49
0	0	0	52	100000	45	0	1	0	0	60	0	0	49
0	1	0	52	55000	46	0	1	0	0	60	0	0	49
1	1	0	52	93600	45	0	0	1	0	40	0	0	49
1	0	0	52	30000	40	0	1	0	0	52	0	0	49
0	1	0	48	65000	36	0	0	1	0	50	0	0	49
0	1	0	52	45000	41	0	0	0	1	40	0	0	49
1	1	0	52	11000	39	0	1	0	0	40	0	1	49
0	1	0	49	26000	47	1	0	0	0	40	0	1	49
1	0	1	52	33700	31	1	0	0	0	40	0	0	49
0	0	0	52	60000	56	1	0	0	0	40	0	0	49
0	0	1	50	25000	27	1	0	0	0	40	0	0	49
0	0	0	52	20000	53	0	0	0	0	40	0	0	49
1	0	0	52	1099999	60	0	0	0	0	50	0	1	49
0	0	1	52	1099999	39	1	0	0	0	52	0	1	49
0	0	1	48	44064	28	0	0	1	0	40	0	0	49
0	0	0	52	85000	43	0	1	0	0	40	0	0	49
0	0	1	52	36000	26	0	1	0	0	40	0	0	49
0	1	0	52	1099999	32	1	0	0	0	40	0	1	49
0	0	1	52	1099999	43	1	0	0	0	40	0	1	49
0	0	1	52	1099999	29	1	0	0	0	52	0	1	49
0	1	0	52	50000	36	0	1	0	0	40	0	0	49
1	1	0	52	30000	39	0	1	0	0	35	0	0	49
1	0	0	52	65000	38	0	1	0	0	36	0	0	49
1	0	0	52	80000	61	0	1	0	0	65	0	0	49
0	0	1	52	55000	33	0	1	0	0	48	0	0	49
0	1	0	52	50002	41	0	1	0	0	40	0	0	49
0	1	0	52	73000	58	0	1	0	0	40	0	0	49
1	1	0	52	48000	47	1	0	0	0	40	0	0	49
1	1	0	52	57500	58	1	0	0	0	42	0	0	49
0	1	0	52	60000	57	0	1	0	0	60	0	0	49
0	1	0	52	115000	41	0	0	0	1	40	0	0	49
1	0	1	52	60000	48	0	0	1	0	40	0	0	49
0	1	0	52	110000	43	0	0	1	0	50	0	0	49
1	0	0	52	110000	57	0	0	0	1	40	0	0	49
0	1	0	52	69000	31	0	1	0	0	40	0	0	49
0	1	0	52	67000	36	0	0	0	1	45	0	0	49
1	1	0	52	34200	36	0	0	0	1	41	0	0	49
1	0	0	52	83000	58	0	0	0	1	70	0	0	49
1	0	0	52	46000	51	0	1	0	0	45	0	0	49
0	1	0	52	55000	34	0	0	1	0	42	0	0	49
1	1	0	48	31368	50	1	0	0	0	41	0	0	49
0	1	0	52	36637	51	0	1	0	0	45	0	0	49
0	1	0	52	52000	27	0	1	0	0	40	0	0	49
1	0	1	52	62000	35	0	0	1	0	40	0	0	49
1	1	0	52	57000	64	1	0	0	0	40	0	0	49
0	1	0	52	40000	39	0	0	0	0	40	0	0	49
1	1	0	52	30000	39	0	0	0	0	40	0	0	49
1	0	0	52	74000	63	0	0	0	1	48	0	0	49
0	1	0	52	60000	50	0	1	0	0	50	0	0	49
0	1	0	52	60000	51	0	0	1	0	45	0	0	49
0	1	0	52	35000	51	1	0	0	0	40	0	0	49
0	0	1	52	90000	33	0	1	0	0	45	0	0	49
1	0	0	52	35000	28	1	0	0	0	45	0	0	49
0	0	0	52	35000	38	0	1	0	0	40	0	0	49
1	0	0	52	67000	37	1	0	0	0	40	0	0	49
1	1	0	52	90000	60	1	0	0	0	40	0	0	49
1	0	1	52	45000	59	0	0	0	1	40	0	0	49
0	0	1	52	44500	60	0	1	0	0	40	0	0	49
1	0	0	52	96000	38	0	0	0	1	40	0	0	49
0	1	0	52	200000	38	0	0	1	0	50	0	0	49
1	0	0	52	15000	36	0	1	0	0	40	0	1	49
0	1	0	52	58000	32	1	0	0	0	45	0	0	49
0	1	0	52	55000	32	0	0	1	0	40	0	0	49
0	1	0	52	60000	59	1	0	0	0	40	0	0	49
1	1	0	52	75000	59	0	1	0	0	40	0	0	49
0	0	1	52	30000	30	0	1	0	0	40	0	0	49
0	1	0	52	42000	29	0	1	0	0	40	0	0	49
0	0	0	52	120000	34	0	0	0	1	50	0	0	49
1	1	0	52	41500	26	0	0	1	0	40	0	0	49
0	0	0	52	99000	47	0	1	0	0	70	0	0	49
1	0	0	52	70000	32	0	1	0	0	40	0	0	49
0	1	0	52	30000	29	0	1	0	0	40	0	0	49
1	1	0	52	47000	26	0	0	1	0	42	0	0	49
0	0	0	52	190000	55	0	0	0	1	50	0	0	49
1	1	0	52	16000	48	0	1	0	0	40	0	1	49
0	1	0	52	16000	47	0	1	0	0	40	0	1	49
0	1	0	52	30000	50	0	0	1	0	50	0	0	49
1	0	0	52	15000	31	0	1	0	0	35	0	0	49
0	1	0	52	28000	38	1	0	0	0	40	0	1	49
0	1	0	52	60000	34	0	1	0	0	45	0	0	49
1	1	0	52	60000	34	0	1	0	0	40	0	0	49
0	1	0	52	108000	34	0	0	1	0	45	0	0	49
0	1	0	52	40000	63	0	1	0	0	40	0	0	49
0	0	0	52	35000	29	0	1	0	0	40	0	0	49
0	0	1	52	35000	33	1	0	0	0	40	1	0	49
1	1	0	52	20000	33	1	0	0	0	40	0	1	49
0	0	1	52	30000	31	1	0	0	0	40	0	1	49
0	0	0	52	30000	39	1	0	0	0	40	0	1	49
1	0	1	52	62000	62	0	0	0	1	50	0	0	49
0	1	0	52	200000	63	0	1	0	0	50	0	0	49
1	0	0	52	40000	50	0	1	0	0	45	0	0	49
0	1	0	52	11000	35	0	0	1	0	40	0	0	49
1	1	0	52	17000	32	0	1	0	0	50	0	0	49
0	1	0	52	40000	47	1	0	0	0	40	0	1	49
1	0	1	52	25000	26	0	1	0	0	40	0	1	49
0	0	0	52	25000	27	1	0	0	0	40	0	1	49
0	1	0	52	35000	61	1	0	0	0	40	0	0	49
1	1	0	52	35000	59	1	0	0	0	40	0	0	49
1	1	0	52	50000	31	0	0	1	0	40	0	1	49
0	1	0	52	50000	33	1	0	0	0	50	0	0	49
1	0	1	52	30000	24	0	0	1	0	50	0	0	49
1	0	0	52	50000	25	0	0	1	0	40	0	0	49
1	1	0	52	35000	47	1	0	0	0	40	0	1	49
0	1	0	52	65000	28	0	0	0	0	40	0	1	49
0	0	0	52	91500	46	0	1	0	0	40	0	1	49
0	0	1	52	12000	33	0	0	1	0	40	0	1	49
0	1	0	52	51000	26	1	0	0	0	36	1	0	49
0	0	0	52	110000	62	0	1	0	0	40	0	1	49
0	1	0	52	110000	62	0	0	0	1	40	0	0	49
0	1	0	52	78000	32	0	0	1	0	40	0	0	49
1	0	0	52	30000	44	0	0	1	0	45	0	1	49
0	1	0	52	60000	59	0	1	0	0	40	0	0	49
1	1	0	52	40000	56	0	1	0	0	40	0	0	49
1	1	0	52	67000	56	0	1	0	0	40	0	0	49
0	1	0	52	40000	61	0	1	0	0	40	0	1	49
0	0	0	52	30000	56	0	1	0	0	40	0	1	49
0	1	0	52	45500	61	0	1	0	0	40	0	0	49
0	1	0	52	98451	54	0	0	1	0	50	0	0	49
0	1	0	52	65000	63	0	0	0	0	40	0	0	49
1	1	0	52	82000	46	0	1	0	0	45	0	0	49
0	1	0	52	118000	41	0	1	0	0	60	0	0	49
0	1	0	52	8000	34	1	0	0	0	40	0	0	49
1	1	0	52	20000	35	0	1	0	0	40	0	0	49
0	1	0	52	40000	44	1	0	0	0	40	0	0	49
0	0	1	49	70000	35	1	0	0	0	42	0	0	49
1	0	1	52	32000	26	0	1	0	0	40	0	1	49
1	0	1	52	38000	33	0	1	0	0	50	1	0	49
0	1	0	52	100000	59	1	0	0	0	40	0	0	49
0	1	0	52	94000	53	0	0	0	0	99	0	0	49
1	1	0	52	26000	47	0	1	0	0	40	0	0	49
0	1	0	52	45000	30	0	0	1	0	40	0	0	49
0	1	0	52	79100	58	0	1	0	0	40	0	0	49
0	1	0	52	45000	55	0	0	0	1	60	0	0	49
0	1	0	52	230000	51	0	0	1	0	40	0	0	49
1	1	0	52	53000	33	0	0	0	0	40	0	0	49
1	0	1	52	25000	24	0	0	0	0	40	0	0	49
0	1	0	52	120000	41	0	1	0	0	40	0	0	49
0	1	0	52	150000	42	0	0	1	0	50	0	0	49
0	1	0	52	150000	43	0	1	0	0	65	0	0	49
0	1	0	52	168000	41	0	0	1	0	90	0	0	49
0	1	0	50	63000	35	0	0	1	0	50	0	0	49
0	1	0	52	63000	40	0	0	1	0	40	0	0	49
0	1	0	52	51000	64	0	0	0	1	50	0	0	49
0	1	0	52	60000	31	1	0	0	0	40	0	0	49
0	0	1	52	42000	24	1	0	0	0	45	0	0	49
1	0	0	52	67200	29	0	1	0	0	40	1	1	49
0	0	0	52	74000	57	1	0	0	0	40	0	0	49
0	1	0	52	120000	52	0	1	0	0	50	0	0	49
1	1	0	52	39000	43	0	1	0	0	40	0	0	49
0	0	0	52	28000	37	0	0	0	0	40	0	1	49
1	0	0	52	15925	40	0	0	0	0	35	0	1	49
1	0	0	52	100000	37	0	0	1	0	50	0	0	49
0	0	0	52	108000	36	1	0	0	0	40	0	0	49
1	1	0	52	50000	50	0	1	0	0	40	0	0	49
0	1	0	52	25000	52	0	1	0	0	40	0	0	49
0	0	0	52	50000	33	1	0	0	0	45	0	0	49
0	0	1	52	29000	25	0	0	1	0	40	0	0	49
0	0	1	52	23000	31	0	1	0	0	40	0	0	49
0	1	0	52	100000	38	0	0	1	0	60	0	0	49
0	1	0	52	28000	33	1	0	0	0	40	1	0	49
0	1	0	52	35000	33	0	1	0	0	40	0	0	49
1	1	0	52	35000	34	0	1	0	0	36	0	1	49
1	1	0	52	65000	62	0	1	0	0	40	0	0	49
0	0	0	52	94000	58	0	1	0	0	40	0	0	49
1	0	0	52	59000	59	0	0	0	1	45	0	0	49
0	1	0	52	40000	34	0	0	0	0	40	0	0	49
0	0	0	52	85000	59	0	0	0	0	40	0	0	49
0	1	0	52	20000	56	1	0	0	0	40	0	0	49
0	1	0	52	36000	27	0	0	1	0	45	0	0	49
0	1	0	52	20000	43	0	1	0	0	40	0	1	49
1	1	0	52	50000	29	0	0	1	0	40	0	1	49
0	1	0	52	35000	30	0	1	0	0	40	0	1	49
1	0	0	52	60000	60	0	1	0	0	40	0	0	49
0	0	0	52	50000	39	0	0	1	0	48	0	0	49
0	1	0	52	55000	50	0	1	0	0	40	0	0	49
0	1	0	52	222278	47	0	0	1	0	60	0	0	49
1	0	1	52	55000	27	0	0	1	0	45	0	0	49
0	0	1	52	36000	29	1	0	0	0	40	0	0	49
0	0	1	52	46000	27	1	0	0	0	45	0	0	49
0	1	0	52	80000	61	0	0	0	1	40	0	1	49
1	1	0	52	95000	55	1	0	0	0	46	0	0	49
1	1	0	52	20000	40	0	0	1	0	60	0	0	49
0	1	0	52	64000	28	0	0	1	0	40	1	0	49
1	0	1	52	46000	37	1	0	0	0	40	0	0	49
0	1	0	52	70000	59	0	1	0	0	40	0	0	49
0	1	0	52	126000	38	0	0	0	1	50	0	0	49
0	1	0	52	140000	39	0	0	1	0	40	0	0	49
0	1	0	52	65000	63	1	0	0	0	50	0	0	49
0	0	0	52	130000	30	1	0	0	0	80	0	0	49
0	1	0	52	45000	26	0	0	1	0	43	0	0	49
0	1	0	52	110000	34	0	0	0	1	50	0	0	49
0	1	0	52	100000	45	0	0	1	0	40	0	0	49
1	0	1	52	31000	36	0	1	0	0	60	1	0	49
0	1	0	52	30000	52	0	0	1	0	40	0	1	49
1	1	0	52	35000	47	0	0	1	0	40	0	1	49
0	1	0	52	60000	30	0	1	0	0	40	1	0	49
0	0	1	52	35000	28	1	0	0	0	40	1	0	49
1	1	0	52	45000	32	1	0	0	0	40	0	0	49
0	1	0	52	70000	29	0	0	1	0	40	0	1	49
0	0	1	52	42000	29	0	0	1	0	38	0	0	49
1	0	1	52	27000	26	0	0	1	0	40	0	0	49
1	0	1	52	37000	25	0	0	1	0	35	0	0	49
0	0	1	52	60000	57	0	0	0	1	40	0	0	49
0	1	0	52	40000	52	0	0	0	0	40	0	1	49
1	0	1	52	30000	35	0	0	0	0	40	0	1	49
1	0	0	52	5000	35	1	0	0	0	40	1	0	49
0	1	0	52	110000	51	0	1	0	0	40	0	0	49
1	1	0	52	20000	51	1	0	0	0	52	0	0	49
1	1	0	52	45000	51	0	1	0	0	40	0	1	49
0	1	0	52	43000	52	0	1	0	0	40	0	0	49
0	1	0	50	14000	25	1	0	0	0	52	0	0	49
0	1	0	52	78000	55	0	0	1	0	45	0	0	49
1	1	0	52	200000	46	0	0	1	0	40	0	0	49
0	1	0	52	35000	46	0	0	1	0	70	0	0	49
1	1	0	52	33000	29	1	0	0	0	40	0	0	49
0	1	0	52	50000	31	1	0	0	0	45	0	0	49
0	1	0	52	15000	42	0	0	1	0	40	0	1	49
1	0	1	52	35000	27	0	0	1	0	40	0	0	49
0	1	0	52	75000	31	0	1	0	0	40	0	0	49
1	1	0	52	16000	58	1	0	0	0	60	0	0	49
0	1	0	52	35000	58	0	1	0	0	40	0	0	49
0	0	1	52	31000	27	1	0	0	0	40	0	0	49
0	0	0	52	22000	34	0	0	0	0	35	0	0	49
1	1	0	52	13000	64	0	1	0	0	40	0	0	49
1	1	0	52	55000	27	0	0	1	0	36	0	0	49
0	1	0	52	49000	29	0	0	1	0	47	0	0	49
0	1	0	52	90000	40	0	0	0	1	40	0	0	49
0	1	0	52	75002	52	1	0	0	0	40	0	0	49
1	1	0	52	20000	48	0	0	0	0	40	0	1	49
0	0	1	52	29120	26	0	1	0	0	40	0	1	49
0	1	0	52	200000	56	0	0	1	0	55	0	0	49
0	0	1	51	33000	25	1	0	0	0	50	0	0	49
1	1	0	52	39000	46	0	1	0	0	40	0	0	49
0	1	0	48	50000	46	1	0	0	0	45	0	0	49
1	1	0	52	65000	47	0	0	1	0	45	0	0	49
0	1	0	52	57000	47	0	0	1	0	40	0	0	49
0	0	0	50	80000	49	0	0	1	0	40	0	0	49
0	0	0	51	70000	50	1	0	0	0	45	0	0	49
1	0	0	52	38000	24	0	1	0	0	40	0	0	49
0	0	1	52	40000	29	0	1	0	0	40	0	0	49
0	0	1	52	32000	29	0	1	0	0	35	0	0	49
0	1	0	52	35000	43	1	0	0	0	40	0	1	49
0	1	0	52	48000	39	0	0	0	0	40	0	1	49
0	0	1	52	2000	24	0	0	0	0	40	0	1	49
0	0	1	52	85000	47	0	1	0	0	40	0	0	49
0	0	1	52	30000	24	0	1	0	0	35	0	1	49
0	1	0	52	20000	53	1	0	0	0	40	0	1	49
1	1	0	52	20000	55	1	0	0	0	52	0	1	49
1	0	0	52	20000	60	1	0	0	0	40	0	1	49
1	0	1	52	20000	25	0	1	0	0	40	0	1	49
0	1	0	52	45000	30	0	1	0	0	60	0	0	49
1	1	0	52	23000	35	0	0	1	0	40	1	1	49
1	1	0	52	29000	58	1	0	0	0	40	0	0	49
0	1	0	52	38000	49	0	0	0	1	40	0	1	49
1	0	1	52	18000	36	1	0	0	0	40	0	1	49
0	0	1	52	20800	40	1	0	0	0	40	1	1	49
1	0	1	52	18000	36	0	1	0	0	40	1	1	49
1	0	0	52	32000	35	0	1	0	0	40	0	0	49
0	0	0	52	35000	39	1	0	0	0	40	0	1	49
1	0	0	52	45000	59	0	1	0	0	40	0	1	49
1	0	0	52	20000	39	1	0	0	0	40	0	1	49
0	1	0	52	20000	39	0	1	0	0	40	0	1	49
0	1	0	52	136000	40	0	0	0	1	50	0	1	49
0	0	0	52	40000	51	1	0	0	0	40	0	1	49
0	1	0	52	20000	39	0	0	0	0	40	0	1	49
1	1	0	52	118000	55	0	0	0	1	50	0	0	49
1	0	0	52	20000	32	1	0	0	0	40	0	1	49
1	0	0	52	10000	37	0	0	0	0	40	0	1	49
0	0	0	52	20000	25	1	0	0	0	40	0	1	49
1	0	1	52	41000	27	0	0	1	0	57	0	1	49
1	0	1	52	80000	25	0	0	1	0	40	1	0	49
1	1	0	52	50000	32	0	0	1	0	40	0	1	49
0	1	0	52	60000	33	0	1	0	0	60	0	0	49
0	1	0	52	42000	48	0	1	0	0	40	0	0	49
0	1	0	52	140000	50	0	0	0	1	45	0	0	49
0	1	0	52	65000	58	1	0	0	0	44	0	0	49
0	1	0	52	60000	47	0	1	0	0	40	0	1	49
1	0	0	52	98000	45	0	0	1	0	60	0	1	49
1	0	0	52	42000	37	0	1	0	0	40	0	1	49
0	1	0	52	105000	36	0	0	1	0	40	0	0	49
0	1	0	52	90000	37	0	1	0	0	60	0	0	49
0	1	0	52	100000	42	0	0	1	0	50	0	0	49
0	1	0	52	200000	47	0	1	0	0	45	0	0	49
0	1	0	52	80000	39	0	0	1	0	40	0	0	49
1	1	0	51	52000	39	0	0	0	1	40	0	0	49
0	1	0	52	250000	41	0	0	1	0	50	0	0	49
0	1	0	52	52000	43	0	1	0	0	40	0	0	49
0	1	0	52	55000	37	0	0	1	0	40	0	0	49
0	1	0	52	180000	37	0	0	0	1	50	0	0	49
1	1	0	52	70000	36	0	0	1	0	40	0	0	49
0	1	0	52	90000	37	0	0	0	1	40	0	0	49
0	1	0	52	65000	48	0	0	1	0	40	0	0	49
0	1	0	52	97000	54	0	1	0	0	40	0	0	49
0	1	0	52	50000	34	1	0	0	0	40	1	0	49
0	1	0	52	64000	54	0	0	1	0	45	0	0	49
1	0	0	52	330000	39	0	0	0	1	36	0	0	49
1	1	0	52	40000	43	1	0	0	0	40	0	0	49
0	1	0	52	100000	46	0	0	1	0	40	0	0	49
0	1	0	52	77000	51	1	0	0	0	50	0	0	49
0	1	0	52	55000	41	0	0	1	0	36	0	0	49
1	1	0	52	88000	37	0	0	1	0	40	1	0	49
0	0	0	52	42000	64	0	0	1	0	55	1	0	49
1	0	1	52	44042	32	0	1	0	0	40	1	0	49
1	0	1	52	45000	52	1	0	0	0	39	1	0	49
0	1	0	52	90000	34	0	0	0	1	40	0	0	49
0	1	0	50	175000	35	0	0	0	1	65	0	0	49
0	1	0	52	144987	43	0	0	1	0	40	0	0	49
0	1	0	52	95000	43	0	0	1	0	65	0	0	49
1	1	0	52	85000	51	0	0	1	0	40	0	0	49
0	1	0	52	110000	45	0	1	0	0	40	0	0	49
1	1	0	52	60000	43	0	0	1	0	40	0	0	49
0	1	0	52	28000	42	0	0	1	0	40	0	0	49
1	1	0	52	42400	29	0	1	0	0	40	0	0	49
0	1	0	52	33000	29	0	1	0	0	40	0	0	49
0	1	0	52	1099999	38	0	0	1	0	35	0	0	49
0	1	0	52	89000	39	0	0	0	1	50	0	0	49
0	1	0	52	126000	54	0	0	0	1	50	0	0	49
0	1	0	52	69000	46	0	0	1	0	55	0	0	49
1	1	0	52	48000	41	0	1	0	0	55	0	0	49
0	1	0	52	130000	45	0	0	0	1	60	0	0	49
1	1	0	52	100000	48	0	0	1	0	40	0	0	49
0	1	0	52	60000	52	0	0	0	1	48	0	0	49
0	1	0	52	40000	52	0	0	1	0	40	0	0	49
0	1	0	52	47396	40	0	0	1	0	50	0	0	49
0	1	0	52	80000	46	0	0	0	1	40	1	0	49
0	1	0	52	90000	41	0	0	0	1	40	1	0	49
1	1	0	52	200000	36	0	0	0	1	40	1	0	49
1	0	0	52	90000	43	0	0	0	1	40	0	1	49
0	1	0	52	38000	34	0	0	1	0	40	0	0	49
1	1	0	52	36000	29	1	0	0	0	40	0	0	49
0	1	0	52	40000	48	0	0	0	0	40	0	1	49
1	1	0	52	25000	49	0	0	0	0	40	0	1	49
1	1	0	52	30000	32	0	1	0	0	40	1	0	49
0	1	0	52	25000	38	1	0	0	0	40	1	0	49
1	1	0	52	42006	37	0	1	0	0	40	0	0	49
0	1	0	52	71000	39	0	1	0	0	40	0	0	49
1	0	1	52	24000	24	0	1	0	0	40	1	0	49
0	0	1	52	30000	27	0	1	0	0	40	0	0	49
1	0	1	52	30000	25	0	0	1	0	40	0	0	49
0	1	0	52	70000	32	0	0	1	0	40	0	1	49
1	1	0	52	19237	45	0	0	0	0	35	1	0	49
0	1	0	52	23000	50	0	0	1	0	45	1	0	49
1	0	0	52	98000	44	0	0	0	1	45	0	0	49
0	1	0	52	50000	61	1	0	0	0	40	0	0	49
1	1	0	52	50000	59	1	0	0	0	40	0	1	49
1	1	0	52	20000	42	0	0	0	0	40	0	1	49
0	1	0	52	24000	42	0	0	0	0	40	0	1	49
0	1	0	52	84000	38	0	0	1	0	40	0	0	49
0	1	0	52	60000	48	0	1	0	0	40	0	1	49
1	1	0	52	28000	49	1	0	0	0	40	0	0	49
0	1	0	52	138000	47	0	1	0	0	60	0	0	49
1	1	0	52	150000	43	0	0	0	1	50	1	0	49
0	1	0	52	125000	46	0	0	0	1	40	1	0	49
0	1	0	52	115000	46	0	0	0	1	45	0	0	49
0	1	0	52	96000	52	0	1	0	0	40	0	0	49
0	1	0	52	45000	62	0	0	1	0	40	1	0	49
1	0	1	52	37000	41	0	1	0	0	40	0	1	49
0	1	0	52	201000	58	0	0	0	1	60	0	0	49
1	1	0	52	63000	56	0	0	1	0	55	0	0	49
0	1	0	52	45000	36	1	0	0	0	50	0	0	49
0	0	0	52	60000	55	0	1	0	0	40	0	1	49
1	1	0	52	53000	36	0	1	0	0	45	0	1	49
0	1	0	52	44000	39	0	1	0	0	50	0	1	49
1	0	0	52	25000	51	0	0	1	0	40	0	1	49
0	0	0	52	40000	50	0	1	0	0	40	0	1	49
0	1	0	48	75000	41	0	0	0	1	40	0	0	49
0	0	1	52	60000	47	0	1	0	0	40	0	0	49
1	1	0	52	30000	39	1	0	0	0	40	0	0	49
0	1	0	52	34000	35	0	0	0	0	40	0	0	49
0	0	0	52	55000	58	0	1	0	0	40	0	0	49
0	1	0	52	84000	45	1	0	0	0	50	0	0	49
0	1	0	52	50000	37	0	0	0	0	40	0	0	49
1	0	0	52	20000	50	1	0	0	0	40	0	1	49
0	0	0	52	137000	50	0	1	0	0	40	1	0	49
0	0	1	52	14000	39	1	0	0	0	36	0	0	49
0	1	0	52	65000	47	0	0	1	0	70	0	0	49
1	1	0	52	23000	40	0	0	1	0	60	0	0	49
1	1	0	52	70000	33	0	1	0	0	40	1	0	49
0	1	0	52	27000	41	0	1	0	0	45	0	0	49
0	1	0	52	75000	59	1	0	0	0	47	0	0	49
0	0	1	52	18000	58	1	0	0	0	40	0	1	49
1	0	0	52	64477	52	0	1	0	0	36	0	0	49
0	1	0	52	26000	34	0	1	0	0	42	0	0	49
1	1	0	52	40000	33	1	0	0	0	52	0	0	49
