female	married	nevermar	wkswork	wsal	age	hsdeg	somecol	colldeg	msdoc	hrswkd	nonwht	hispanic	stateid
1	1	0	52	28298	32	0	0	1	0	40	0	0	50
0	1	0	52	33727	31	0	1	0	0	40	0	0	50
0	0	0	51	52400	54	0	0	1	0	45	0	0	50
0	1	0	52	37000	46	1	0	0	0	40	1	0	50
1	1	0	52	37000	38	0	0	1	0	38	0	0	50
0	0	0	52	25000	46	1	0	0	0	40	0	0	50
1	0	1	52	37000	24	0	0	1	0	40	0	0	50
0	1	0	52	100000	40	0	0	1	0	40	0	0	50
1	1	0	52	70000	40	0	0	0	1	40	0	0	50
0	1	0	52	25000	36	0	1	0	0	40	0	0	50
0	1	0	52	70000	58	1	0	0	0	50	0	0	50
0	0	1	52	40000	30	0	0	1	0	40	0	0	50
1	1	0	52	24000	62	1	0	0	0	35	0	0	50
1	0	1	48	4800	25	0	0	1	0	35	0	0	50
0	1	0	52	39500	47	1	0	0	0	40	0	0	50
1	0	1	52	24000	35	1	0	0	0	40	0	0	50
0	1	0	52	40000	44	1	0	0	0	40	0	0	50
1	0	0	52	10000	56	0	0	0	1	40	0	0	50
1	0	1	52	35000	55	1	0	0	0	60	0	0	50
0	0	1	52	45000	44	1	0	0	0	50	0	0	50
1	1	0	52	30000	60	1	0	0	0	40	0	0	50
0	1	0	52	30000	50	1	0	0	0	40	0	0	50
1	0	1	52	25000	26	0	1	0	0	40	0	0	50
0	0	1	52	38000	26	1	0	0	0	45	0	0	50
0	1	0	52	80000	50	0	0	0	1	40	0	0	50
1	1	0	52	80000	50	0	0	0	1	40	0	0	50
0	1	0	52	32000	57	0	1	0	0	40	0	0	50
0	1	0	52	70000	54	0	0	1	0	45	0	0	50
1	1	0	52	25000	48	1	0	0	0	40	0	0	50
0	1	0	52	42000	62	0	1	0	0	40	0	0	50
0	0	1	52	41000	49	1	0	0	0	40	0	0	50
0	0	1	52	39500	52	1	0	0	0	40	0	0	50
0	1	0	52	76000	61	0	1	0	0	40	0	0	50
1	1	0	52	50000	55	1	0	0	0	40	0	0	50
0	1	0	52	89000	31	0	0	1	0	42	0	0	50
1	1	0	52	86500	32	0	0	0	1	42	0	0	50
0	0	1	52	120000	46	0	0	1	0	60	0	0	50
1	0	0	52	53000	45	0	0	1	0	40	0	0	50
1	1	0	52	70000	49	0	0	0	1	40	0	0	50
0	1	0	52	41200	45	0	0	1	0	50	0	0	50
0	1	0	52	60000	35	0	0	0	1	60	1	0	50
0	1	0	52	56836	43	1	0	0	0	43	0	0	50
1	1	0	52	28685	36	0	0	0	0	40	0	0	50
1	1	0	52	41000	33	0	1	0	0	40	0	0	50
0	1	0	52	30000	32	1	0	0	0	50	0	0	50
0	0	0	52	65000	48	0	1	0	0	40	1	0	50
1	0	0	52	35000	47	0	1	0	0	40	0	0	50
0	1	0	52	127000	46	0	0	1	0	42	0	0	50
0	1	0	52	63000	32	0	1	0	0	36	0	0	50
0	1	0	52	162000	40	0	0	0	1	50	0	0	50
0	1	0	52	72162	43	0	0	0	0	40	0	0	50
1	0	1	52	78000	47	0	0	0	1	50	0	0	50
0	1	0	52	50000	34	1	0	0	0	40	0	0	50
1	1	0	52	35000	28	1	0	0	0	40	0	0	50
1	0	0	52	64400	44	0	0	0	1	45	0	0	50
0	1	0	52	120000	45	0	0	0	1	40	0	0	50
1	1	0	52	65000	41	0	0	1	0	40	0	0	50
1	1	0	52	40000	59	1	0	0	0	37	0	0	50
0	0	0	52	46000	60	1	0	0	0	40	0	0	50
1	1	0	52	9000	43	0	0	1	0	40	0	0	50
0	1	0	52	84000	49	0	0	1	0	50	0	0	50
0	1	0	52	30000	48	1	0	0	0	40	0	0	50
0	1	0	52	55000	38	1	0	0	0	44	0	0	50
1	1	0	52	22000	56	1	0	0	0	40	0	0	50
0	1	0	52	50000	31	0	1	0	0	40	0	0	50
1	0	1	52	20013	31	0	1	0	0	40	0	0	50
0	0	1	52	33000	31	1	0	0	0	36	0	0	50
0	1	0	52	16000	63	0	0	0	0	35	0	0	50
1	1	0	52	45000	60	0	0	1	0	45	0	0	50
1	1	0	52	100000	58	1	0	0	0	40	0	0	50
0	1	0	52	73000	46	0	0	0	1	45	0	0	50
1	0	1	50	32579	48	0	0	1	0	37	0	0	50
0	0	1	52	54000	35	1	0	0	0	50	0	0	50
1	0	0	52	45000	40	1	0	0	0	50	0	0	50
1	1	0	52	30000	50	1	0	0	0	40	0	0	50
0	1	0	52	110000	56	0	0	0	1	50	0	0	50
0	0	0	52	93000	46	0	0	0	1	40	0	0	50
0	1	0	52	154000	38	0	0	0	1	40	0	0	50
0	1	0	50	300000	48	0	0	1	0	50	0	0	50
0	1	0	52	58000	56	1	0	0	0	42	0	0	50
1	1	0	52	22000	56	1	0	0	0	40	0	0	50
0	0	0	52	28002	53	1	0	0	0	40	0	0	50
1	0	1	52	110000	35	0	0	1	0	40	0	0	50
0	1	0	52	70002	42	0	1	0	0	52	0	0	50
1	1	0	52	30000	40	0	1	0	0	35	0	0	50
1	0	0	52	38000	46	1	0	0	0	40	0	0	50
1	0	1	52	45002	45	0	0	1	0	40	0	0	50
0	1	0	52	85000	47	0	0	1	0	40	0	0	50
1	1	0	52	80000	44	0	0	1	0	40	0	0	50
0	0	1	48	13000	55	0	0	0	1	50	0	0	50
1	1	0	52	52700	48	0	0	0	1	35	0	0	50
1	0	0	52	96000	41	0	0	1	0	40	0	0	50
1	1	0	52	44000	47	1	0	0	0	40	0	0	50
1	1	0	52	27000	49	1	0	0	0	40	0	0	50
0	1	0	52	23000	46	0	0	0	0	40	0	0	50
1	1	0	52	15000	49	1	0	0	0	40	0	0	50
1	0	0	52	17000	45	1	0	0	0	40	1	0	50
0	1	0	52	80000	39	0	0	0	1	40	0	0	50
1	1	0	52	82000	33	0	0	0	1	40	0	0	50
1	0	1	52	38000	32	0	0	1	0	40	1	0	50
1	0	1	52	29000	31	0	0	1	0	40	0	0	50
0	1	0	52	40000	56	0	0	1	0	40	0	1	50
1	1	0	52	47000	43	0	0	1	0	40	0	0	50
0	1	0	51	51000	48	0	0	0	0	57	0	0	50
1	1	0	52	41000	45	0	1	0	0	50	0	0	50
0	0	0	52	46000	54	1	0	0	0	35	0	0	50
0	1	0	52	20000	61	1	0	0	0	40	0	0	50
1	1	0	52	52000	62	0	0	1	0	45	0	0	50
0	0	1	52	82000	37	0	0	0	0	40	0	0	50
0	0	1	52	30000	30	1	0	0	0	40	0	0	50
0	0	1	52	48000	25	1	0	0	0	45	0	0	50
1	1	0	52	61500	62	1	0	0	0	40	0	0	50
1	1	0	52	28000	55	1	0	0	0	40	0	0	50
1	0	0	52	39000	34	0	1	0	0	40	0	0	50
0	1	0	52	30000	31	1	0	0	0	40	0	0	50
0	0	1	49	40800	53	1	0	0	0	40	0	0	50
1	0	0	49	20000	50	1	0	0	0	40	0	0	50
0	1	0	52	35000	49	1	0	0	0	40	0	0	50
1	1	0	52	55000	46	1	0	0	0	40	0	0	50
0	1	0	52	33000	49	1	0	0	0	40	0	0	50
0	1	0	52	60000	38	0	0	1	0	40	0	0	50
0	1	0	52	22400	64	0	0	0	1	40	0	0	50
1	0	0	52	14000	37	0	1	0	0	35	0	0	50
0	1	0	52	36000	30	0	0	1	0	55	0	0	50
1	1	0	52	48000	30	0	0	1	0	60	0	0	50
0	0	1	52	47000	26	1	0	0	0	40	0	0	50
1	0	0	52	60000	61	0	1	0	0	40	0	0	50
0	1	0	52	58000	52	1	0	0	0	40	0	0	50
0	0	0	52	52000	57	0	1	0	0	60	0	0	50
0	1	0	52	187000	54	0	0	1	0	50	0	0	50
0	0	1	50	41000	35	1	0	0	0	40	0	0	50
1	0	0	52	72000	48	1	0	0	0	96	0	0	50
0	0	0	52	20000	53	1	0	0	0	40	0	0	50
1	1	0	52	33000	32	0	0	0	0	48	0	0	50
0	1	0	52	33000	35	0	0	0	0	48	0	0	50
0	0	1	52	41125	32	0	1	0	0	40	0	0	50
0	0	0	48	20200	42	0	1	0	0	40	0	0	50
1	0	1	52	24000	36	0	1	0	0	40	0	0	50
1	1	0	52	60000	60	0	0	0	0	35	0	0	50
1	0	0	52	28000	45	0	0	1	0	35	0	0	50
0	1	0	52	42	60	0	1	0	0	49	0	0	50
1	1	0	52	60000	40	0	1	0	0	70	0	0	50
1	0	0	52	31000	37	0	1	0	0	38	0	0	50
1	0	1	52	45000	26	0	0	1	0	40	0	0	50
1	1	0	51	25140	55	0	0	1	0	38	0	0	50
0	1	0	52	105000	55	0	0	0	1	50	0	0	50
1	0	1	52	34500	29	0	0	1	0	35	0	0	50
0	0	0	52	96500	46	0	0	1	0	40	0	0	50
1	1	0	52	72000	57	0	0	1	0	37	0	0	50
0	0	0	52	170000	63	0	0	0	1	60	0	0	50
1	1	0	52	32000	57	0	1	0	0	36	0	0	50
1	1	0	52	56000	53	1	0	0	0	40	0	0	50
0	1	0	52	35000	54	1	0	0	0	48	0	0	50
1	0	1	52	80000	28	0	0	0	1	55	0	0	50
0	0	1	52	36000	48	1	0	0	0	40	0	0	50
1	0	0	52	99000	40	0	0	0	1	37	0	0	50
0	1	0	52	77000	37	0	1	0	0	45	0	0	50
1	1	0	48	36560	36	0	0	0	1	40	0	0	50
0	1	0	52	50000	50	0	0	1	0	50	0	0	50
1	1	0	52	70000	45	0	0	0	1	40	0	0	50
1	1	0	52	60000	46	0	0	1	0	40	0	0	50
0	1	0	52	65000	46	0	0	1	0	60	0	0	50
0	1	0	52	27979	30	1	0	0	0	35	0	0	50
1	1	0	52	34000	28	0	0	1	0	40	0	0	50
1	1	0	52	33000	55	1	0	0	0	40	0	0	50
0	1	0	52	80000	45	0	0	0	1	50	0	0	50
1	1	0	52	57000	46	1	0	0	0	40	0	0	50
0	1	0	52	64000	48	1	0	0	0	40	0	0	50
0	1	0	52	115000	37	0	1	0	0	40	0	0	50
1	1	0	52	59000	45	0	0	0	1	40	0	0	50
0	1	0	52	70000	50	0	0	1	0	40	0	0	50
0	1	0	52	104800	63	0	0	0	1	65	0	0	50
1	1	0	52	250000	45	0	0	1	0	40	0	0	50
0	1	0	52	1000000	47	0	0	1	0	40	0	0	50
0	1	0	52	28000	39	0	1	0	0	40	0	0	50
1	1	0	52	33000	35	1	0	0	0	40	0	0	50
0	1	0	52	80000	52	0	1	0	0	37	1	0	50
1	1	0	52	65000	45	0	0	0	1	40	1	0	50
1	1	0	52	40000	47	0	0	1	0	40	0	0	50
0	1	0	52	65000	48	0	1	0	0	40	0	0	50
0	1	0	52	40000	39	1	0	0	0	48	0	0	50
0	0	0	52	111392	55	0	0	0	1	40	0	0	50
1	1	0	52	25000	63	1	0	0	0	52	0	0	50
0	1	0	52	63700	32	0	1	0	0	40	0	0	50
1	1	0	52	30000	33	0	0	0	1	40	0	0	50
1	1	0	52	89000	61	0	0	1	0	40	0	0	50
0	1	0	50	350000	58	0	0	0	1	50	0	0	50
1	0	0	52	44000	45	0	0	1	0	40	0	0	50
0	1	0	52	34000	60	0	0	0	1	40	0	0	50
1	1	0	52	34000	56	1	0	0	0	40	0	0	50
1	0	1	52	82500	51	0	0	1	0	55	0	0	50
1	1	0	52	28000	50	0	1	0	0	35	0	0	50
0	1	0	52	8500	51	0	1	0	0	40	0	0	50
1	0	0	52	22000	33	0	1	0	0	37	0	0	50
0	1	0	52	110000	44	0	0	0	1	40	0	0	50
0	1	0	52	54000	50	1	0	0	0	50	0	0	50
1	1	0	52	51000	44	0	0	1	0	40	0	0	50
1	1	0	52	60000	29	0	1	0	0	40	0	0	50
0	1	0	52	48000	46	0	0	0	1	40	1	0	50
1	1	0	52	19526	44	0	1	0	0	35	1	0	50
0	1	0	52	25000	62	0	0	0	0	40	0	0	50
0	0	1	52	64000	53	0	0	0	0	40	0	0	50
1	0	0	52	45000	47	1	0	0	0	40	0	0	50
0	1	0	52	180000	41	0	0	0	1	45	1	0	50
1	1	0	52	70000	40	0	0	0	1	40	1	0	50
0	1	0	52	45000	49	1	0	0	0	40	0	0	50
1	1	0	52	80000	57	0	1	0	0	40	0	0	50
0	1	0	52	110000	43	0	0	1	0	45	1	0	50
1	1	0	52	67000	63	0	0	1	0	40	0	0	50
0	0	1	52	87000	38	0	0	1	0	50	0	0	50
0	1	0	51	70000	32	0	0	0	0	55	0	0	50
0	1	0	52	28000	53	0	0	1	0	40	0	0	50
0	1	0	50	190000	62	0	0	1	0	40	0	0	50
1	1	0	52	61000	42	0	0	1	0	55	0	0	50
0	1	0	52	150000	47	1	0	0	0	35	0	0	50
0	1	0	52	62000	34	0	1	0	0	40	0	0	50
0	0	0	52	25000	51	0	0	1	0	36	0	0	50
1	0	0	52	21831	54	0	1	0	0	40	0	0	50
0	1	0	52	45000	37	1	0	0	0	40	0	0	50
1	0	0	52	54000	60	0	1	0	0	40	0	0	50
0	0	0	52	75000	56	0	0	0	1	45	0	0	50
0	1	0	52	27000	41	1	0	0	0	40	0	0	50
1	1	0	52	100000	40	1	0	0	0	40	0	0	50
1	0	1	52	70400	39	0	0	0	1	60	0	0	50
0	1	0	52	35000	53	1	0	0	0	48	0	0	50
1	1	0	52	56200	50	1	0	0	0	40	0	0	50
1	1	0	52	25000	42	1	0	0	0	40	0	0	50
0	1	0	52	55000	50	0	1	0	0	40	0	0	50
1	1	0	52	45000	54	0	1	0	0	40	0	0	50
0	1	0	52	70000	58	0	1	0	0	40	0	0	50
0	1	0	52	82000	58	0	0	1	0	50	0	0	50
1	1	0	52	46800	53	0	1	0	0	50	0	0	50
1	0	1	52	20800	25	0	0	1	0	40	0	0	50
0	1	0	52	45000	37	1	0	0	0	55	0	0	50
1	1	0	52	28000	41	1	0	0	0	40	1	0	50
1	1	0	52	15000	33	0	0	0	0	37	0	0	50
0	1	0	52	28800	35	0	0	0	0	40	0	0	50
1	1	0	52	27300	37	0	1	0	0	40	0	0	50
0	1	0	52	55000	40	1	0	0	0	40	0	0	50
0	1	0	52	14000	43	1	0	0	0	40	0	0	50
0	1	0	52	80000	47	0	1	0	0	50	0	0	50
1	1	0	52	56200	48	1	0	0	0	40	0	0	50
1	1	0	52	22000	49	0	0	1	0	60	0	0	50
0	1	0	52	23000	52	0	0	1	0	70	0	0	50
0	0	1	52	59500	38	1	0	0	0	40	0	0	50
0	0	0	52	32000	52	1	0	0	0	40	0	0	50
1	0	0	52	96000	49	0	0	1	0	55	0	0	50
1	1	0	52	60000	57	0	1	0	0	50	0	0	50
1	1	0	52	70000	57	0	0	1	0	45	0	0	50
0	0	1	52	48000	30	0	1	0	0	40	0	0	50
0	1	0	52	60000	54	1	0	0	0	50	0	0	50
1	0	1	52	13000	29	0	1	0	0	40	0	0	50
0	0	1	52	55000	36	0	1	0	0	55	0	0	50
1	0	0	52	65000	45	1	0	0	0	42	0	0	50
0	1	0	52	50000	42	0	0	0	1	50	0	0	50
1	1	0	52	102000	57	0	1	0	0	40	0	0	50
0	1	0	52	64000	59	0	1	0	0	40	0	0	50
0	0	0	52	92000	55	1	0	0	0	40	0	0	50
0	0	1	52	57000	63	1	0	0	0	40	0	0	50
1	0	1	52	41600	51	1	0	0	0	40	0	0	50
1	0	0	52	42000	64	1	0	0	0	40	0	0	50
0	1	0	52	55000	59	1	0	0	0	44	0	0	50
1	1	0	52	90000	57	1	0	0	0	40	0	0	50
1	0	1	52	27300	24	1	0	0	0	35	0	0	50
1	0	1	52	36400	33	0	0	1	0	40	0	0	50
0	1	0	50	120000	43	0	0	1	0	45	0	0	50
0	1	0	52	240000	53	0	0	0	1	36	0	0	50
0	0	0	52	57000	60	0	0	0	1	60	0	0	50
1	0	0	52	80000	57	0	0	0	1	40	0	0	50
1	1	0	52	52000	57	0	1	0	0	40	0	0	50
0	0	1	52	32000	61	1	0	0	0	40	0	0	50
0	1	0	52	30000	53	0	1	0	0	37	0	0	50
0	0	1	52	50000	39	0	0	1	0	40	0	0	50
1	1	0	52	64000	52	0	0	0	1	50	0	0	50
0	1	0	52	126000	43	0	0	1	0	40	0	0	50
1	1	0	52	200000	41	0	0	1	0	40	0	0	50
1	1	0	52	125000	43	0	0	1	0	50	0	0	50
0	1	0	50	150000	58	0	1	0	0	40	0	0	50
0	1	0	52	28000	32	0	1	0	0	40	1	0	50
0	0	1	52	69000	60	0	1	0	0	40	0	0	50
1	1	0	52	42000	38	0	0	0	1	40	1	0	50
0	1	0	52	54000	36	0	1	0	0	40	1	0	50
1	0	1	52	104000	38	0	0	1	0	40	0	0	50
1	1	0	52	55000	36	0	1	0	0	40	0	0	50
0	1	0	52	120000	33	1	0	0	0	40	0	0	50
0	0	1	52	72000	31	1	0	0	0	40	0	0	50
1	1	0	52	26000	63	1	0	0	0	40	0	0	50
0	1	0	52	60000	63	0	1	0	0	40	0	0	50
1	1	0	52	65000	56	0	1	0	0	40	0	0	50
0	1	0	52	190000	34	0	0	1	0	40	0	0	50
1	1	0	52	50000	35	0	0	1	0	40	0	0	50
0	0	0	52	133000	61	0	0	0	1	60	0	0	50
1	1	0	52	65000	35	0	0	0	1	45	0	0	50
0	0	0	52	45000	38	0	0	1	0	40	0	0	50
1	0	1	52	41000	33	0	0	1	0	40	0	0	50
1	1	0	52	30000	61	1	0	0	0	40	0	0	50
0	1	0	52	540000	60	0	0	0	1	80	0	0	50
1	0	1	52	58000	37	0	1	0	0	40	0	0	50
0	1	0	52	160000	39	0	0	1	0	50	0	0	50
0	1	0	52	140000	54	0	1	0	0	40	0	0	50
1	1	0	52	69000	33	0	0	1	0	56	0	0	50
0	1	0	52	80000	33	0	0	0	1	45	0	0	50
0	1	0	52	100000	46	0	0	0	1	55	0	0	50
1	1	0	52	36000	44	0	0	1	0	38	0	0	50
0	0	1	52	52000	27	0	0	1	0	40	0	0	50
0	0	1	52	80000	29	0	0	1	0	40	0	0	50
0	0	1	52	45000	29	0	0	1	0	40	0	0	50
0	0	1	52	60000	27	0	0	1	0	40	0	0	50
1	0	1	52	17200	32	0	0	1	0	40	0	0	50
0	0	0	52	35000	52	0	0	1	0	45	0	0	50
1	0	0	52	50000	61	0	0	1	0	40	0	0	50
1	0	0	52	50000	28	0	0	1	0	40	0	0	50
1	1	0	52	60000	62	0	1	0	0	40	0	0	50
0	1	0	52	72000	44	0	0	1	0	50	0	0	50
1	1	0	52	70000	37	0	0	0	1	50	0	0	50
0	1	0	52	40000	49	0	0	1	0	40	0	0	50
0	0	1	50	55000	33	0	0	0	1	40	0	0	50
1	1	0	52	56000	30	1	0	0	0	40	0	0	50
1	1	0	52	28000	53	0	0	1	0	35	0	0	50
0	1	0	52	85000	59	0	0	1	0	45	0	0	50
0	0	1	52	95000	39	0	0	1	0	35	0	0	50
1	0	0	52	65000	48	0	0	1	0	52	0	0	50
0	1	0	52	80000	26	0	0	1	0	50	0	0	50
1	1	0	52	45000	29	0	0	1	0	55	0	0	50
1	0	1	52	44000	43	0	0	1	0	40	0	0	50
0	1	0	52	63000	35	0	0	1	0	40	0	0	50
1	0	1	52	38000	50	0	0	1	0	40	0	0	50
1	0	1	52	52000	34	0	0	1	0	40	0	0	50
0	1	0	52	100000	38	0	0	1	0	40	1	0	50
0	0	1	52	37000	28	0	0	1	0	42	0	0	50
0	0	1	52	20000	25	0	1	0	0	35	0	0	50
0	0	1	52	65000	25	0	0	1	0	40	0	0	50
1	0	0	52	120000	46	0	0	1	0	40	0	0	50
1	1	0	52	22002	28	0	0	0	1	40	0	0	50
1	0	1	52	44000	29	1	0	0	0	60	0	0	50
0	0	1	52	47700	26	0	0	1	0	40	0	0	50
1	1	0	52	400000	46	0	0	0	1	50	0	0	50
0	1	0	52	300000	47	0	0	0	1	60	0	0	50
1	1	0	52	240000	59	0	0	0	1	60	0	0	50
0	1	0	52	150000	59	0	0	0	1	50	0	0	50
0	0	0	52	120000	59	0	0	1	0	50	0	0	50
0	1	0	52	90000	62	0	1	0	0	60	0	0	50
1	1	0	52	109946	64	0	0	0	1	52	0	0	50
0	0	1	52	28000	30	0	0	1	0	40	0	0	50
0	0	1	52	110000	36	0	0	1	0	50	0	0	50
0	1	0	52	220000	40	0	0	1	0	40	0	0	50
0	1	0	52	296000	36	0	0	1	0	55	1	0	50
0	1	0	52	94000	49	0	0	1	0	40	0	0	50
0	1	0	52	42000	48	0	1	0	0	40	0	0	50
1	0	1	52	37000	30	0	0	1	0	52	1	0	50
1	0	0	52	51500	52	0	1	0	0	40	0	0	50
0	0	1	52	20000	27	1	0	0	0	40	0	0	50
1	0	1	52	35000	27	1	0	0	0	52	0	0	50
0	1	0	52	100000	41	0	0	1	0	40	1	0	50
1	1	0	52	130000	39	0	0	0	1	52	1	0	50
1	1	0	52	62000	36	0	0	1	0	40	0	0	50
0	1	0	48	65000	38	1	0	0	0	45	0	0	50
0	1	0	52	180000	53	0	0	1	0	65	0	0	50
0	1	0	52	145000	50	0	0	0	1	46	0	0	50
0	1	0	52	61000	42	0	1	0	0	40	0	0	50
0	1	0	52	150000	41	0	0	1	0	40	0	0	50
1	1	0	52	59000	37	0	0	1	0	40	0	0	50
0	1	0	52	20000	52	1	0	0	0	40	1	0	50
0	1	0	52	468	52	1	0	0	0	40	0	0	50
1	1	0	52	17000	51	1	0	0	0	40	0	0	50
1	0	1	52	23000	31	0	1	0	0	47	0	0	50
1	1	0	52	220000	33	0	0	0	1	40	0	0	50
1	1	0	52	25000	27	1	0	0	0	40	0	0	50
0	1	0	52	30000	27	0	1	0	0	40	0	0	50
1	1	0	52	35000	37	1	0	0	0	50	1	0	50
0	1	0	52	117000	42	0	1	0	0	40	1	0	50
0	1	0	52	59000	30	0	0	1	0	60	0	0	50
1	1	0	52	56000	25	0	0	1	0	66	0	0	50
0	1	0	52	60002	60	0	1	0	0	40	0	0	50
0	1	0	52	42000	47	1	0	0	0	40	0	0	50
1	1	0	52	30000	42	0	1	0	0	40	0	0	50
1	0	1	52	71000	37	0	0	1	0	40	0	0	50
0	1	0	52	142000	62	0	0	1	0	40	0	0	50
1	1	0	52	49000	58	0	0	0	1	40	0	0	50
1	0	1	52	55000	25	0	0	1	0	50	0	0	50
0	0	1	52	45200	24	0	0	1	0	55	0	0	50
1	1	0	52	8700	59	0	1	0	0	60	0	0	50
0	1	0	52	76500	44	0	0	1	0	40	0	0	50
1	0	1	48	60000	31	0	0	1	0	40	0	0	50
0	1	0	52	105000	56	1	0	0	0	40	0	0	50
1	1	0	52	52000	52	0	0	1	0	50	0	0	50
0	1	0	52	36000	48	1	0	0	0	40	0	0	50
1	1	0	52	70500	49	0	0	1	0	40	0	0	50
0	1	0	52	81000	54	0	0	1	0	40	0	0	50
0	0	0	52	20000	26	0	0	1	0	50	0	0	50
0	0	0	52	45000	45	0	0	0	1	40	0	0	50
0	1	0	52	300000	29	0	0	0	1	40	1	0	50
0	0	1	50	35880	39	0	1	0	0	40	0	1	50
0	1	0	52	90000	40	0	0	1	0	60	0	0	50
0	1	0	52	73000	47	0	1	0	0	70	0	0	50
1	1	0	52	70000	39	0	0	1	0	50	0	0	50
0	1	0	52	800000	48	0	1	0	0	40	0	0	50
1	1	0	52	1099999	44	0	0	1	0	40	0	0	50
0	1	0	50	62000	48	1	0	0	0	40	0	0	50
1	1	0	50	55000	43	0	0	1	0	40	0	0	50
1	1	0	52	40000	46	0	1	0	0	40	0	0	50
0	1	0	52	78000	46	1	0	0	0	40	0	0	50
1	0	1	52	85000	57	0	1	0	0	40	0	0	50
0	1	0	52	142000	39	0	0	1	0	40	0	0	50
0	1	0	52	280000	55	0	0	0	1	50	0	0	50
0	1	0	52	30000	47	0	1	0	0	40	0	0	50
1	1	0	52	48000	54	0	0	0	1	40	0	0	50
0	1	0	52	97500	52	0	0	1	0	45	0	0	50
1	1	0	52	60000	47	0	0	1	0	55	0	0	50
0	0	1	52	30000	50	0	1	0	0	40	1	0	50
1	1	0	52	66000	49	0	0	0	1	40	0	0	50
0	1	0	52	77000	50	0	0	0	1	55	0	0	50
0	1	0	52	75000	32	0	0	1	0	40	0	0	50
1	1	0	52	36400	40	0	0	1	0	40	0	0	50
0	1	0	50	44000	36	0	1	0	0	40	0	0	50
1	1	0	52	43000	51	0	1	0	0	45	0	0	50
0	1	0	52	29120	42	1	0	0	0	40	0	0	50
1	0	0	52	46000	39	1	0	0	0	40	0	0	50
0	1	0	52	42000	42	1	0	0	0	40	0	0	50
0	1	0	52	100000	38	0	0	1	0	50	0	0	50
1	1	0	52	30800	34	0	0	0	1	50	0	0	50
0	1	0	48	76800	36	0	0	0	1	60	1	0	50
1	1	0	52	24000	44	0	0	1	0	40	0	0	50
1	1	0	52	45000	53	0	0	0	1	40	0	0	50
0	1	0	52	75000	55	0	0	1	0	40	0	0	50
1	0	0	52	130000	54	0	0	1	0	45	0	0	50
1	0	0	52	16800	44	0	0	0	1	40	0	0	50
0	1	0	52	150000	38	0	0	0	1	40	0	0	50
0	1	0	52	16701	31	0	0	0	1	40	1	0	50
0	1	0	52	65000	54	0	1	0	0	42	0	0	50
0	1	0	52	95000	53	0	0	1	0	50	0	0	50
1	1	0	50	20000	50	0	0	1	0	40	0	0	50
1	1	0	52	75000	42	0	0	0	1	50	0	0	50
0	1	0	52	80000	45	0	0	0	1	40	0	0	50
0	1	0	52	83500	40	0	0	1	0	40	0	0	50
0	0	1	52	90000	31	0	0	1	0	45	1	0	50
1	0	1	52	50000	35	0	0	1	0	40	0	0	50
0	1	0	49	22000	26	0	1	0	0	40	0	0	50
1	0	0	52	74000	54	0	0	0	1	40	0	0	50
1	1	0	52	95000	56	0	1	0	0	40	0	0	50
0	1	0	52	186000	57	0	0	1	0	40	0	0	50
0	1	0	52	62000	40	0	1	0	0	45	0	0	50
1	1	0	52	45000	64	0	1	0	0	40	0	0	50
0	1	0	52	75000	42	0	0	1	0	45	0	0	50
1	1	0	52	40000	63	1	0	0	0	40	0	0	50
0	0	0	52	60000	57	0	1	0	0	50	0	0	50
1	1	0	52	38000	35	1	0	0	0	39	1	0	50
0	1	0	52	31000	42	1	0	0	0	40	0	0	50
0	1	0	52	676	45	1	0	0	0	55	0	0	50
0	1	0	52	55000	29	0	1	0	0	56	0	0	50
1	1	0	52	87000	29	0	0	0	1	40	0	0	50
1	1	0	52	40000	63	1	0	0	0	40	0	0	50
1	1	0	52	50000	45	1	0	0	0	40	0	0	50
0	1	0	52	50000	46	1	0	0	0	40	0	0	50
0	1	0	52	80000	54	1	0	0	0	40	0	0	50
1	1	0	52	56000	55	0	0	0	1	40	0	0	50
1	1	0	52	40000	59	1	0	0	0	40	0	0	50
0	1	0	52	150000	61	0	0	0	1	50	0	0	50
0	0	1	52	25000	24	0	0	1	0	35	0	0	50
1	1	0	52	55000	53	1	0	0	0	40	0	0	50
0	1	0	52	131000	55	1	0	0	0	52	0	0	50
0	1	0	48	100000	44	0	0	0	0	35	0	0	50
1	1	0	52	48000	40	0	0	1	0	40	0	0	50
1	1	0	52	45000	44	0	1	0	0	45	0	0	50
0	1	0	51	30000	28	1	0	0	0	70	0	0	50
0	1	0	52	52002	41	1	0	0	0	40	0	0	50
1	1	0	52	33000	40	1	0	0	0	40	0	0	50
0	1	0	52	78500	45	0	0	1	0	55	0	0	50
1	1	0	52	46800	39	0	1	0	0	45	0	0	50
0	1	0	52	58000	35	0	0	1	0	60	0	0	50
0	1	0	52	50000	38	1	0	0	0	40	0	0	50
0	0	1	52	14400	52	0	1	0	0	40	0	0	50
1	1	0	52	40000	41	1	0	0	0	40	0	0	50
0	1	0	52	65000	36	0	0	1	0	40	0	0	50
1	1	0	52	17000	38	1	0	0	0	38	0	0	50
1	0	0	52	20000	53	1	0	0	0	40	0	0	50
0	0	1	52	81500	48	0	0	1	0	50	0	0	50
1	0	1	52	80000	50	0	0	0	1	40	0	0	50
1	1	0	52	52000	37	0	1	0	0	40	0	0	50
0	1	0	52	110000	38	0	1	0	0	40	0	0	50
0	0	1	52	27040	27	1	0	0	0	40	0	0	50
0	1	0	52	36400	24	1	0	0	0	50	0	0	50
1	1	0	52	18000	24	0	1	0	0	45	0	0	50
0	0	1	52	52000	35	1	0	0	0	40	0	0	50
1	1	0	52	45000	59	1	0	0	0	40	0	0	50
1	1	0	52	41000	45	0	1	0	0	50	1	0	50
0	1	0	50	48000	47	1	0	0	0	50	1	0	50
0	1	0	52	100000	41	0	1	0	0	50	0	0	50
1	1	0	52	49000	41	0	0	0	1	44	0	1	50
0	1	0	50	52000	47	0	0	0	1	50	0	0	50
1	1	0	52	25000	44	0	1	0	0	40	0	0	50
0	0	1	52	78000	48	1	0	0	0	40	1	0	50
0	1	0	52	35000	30	0	1	0	0	40	0	0	50
1	0	0	52	30000	41	1	0	0	0	40	0	0	50
0	1	0	52	15000	27	1	0	0	0	40	0	0	50
1	1	0	52	50000	29	1	0	0	0	40	0	0	50
0	1	0	52	15000	27	0	1	0	0	40	1	0	50
1	1	0	52	58000	27	0	1	0	0	43	0	0	50
1	1	0	52	29000	64	1	0	0	0	40	0	0	50
0	1	0	52	90000	27	0	1	0	0	55	0	0	50
0	0	1	52	36000	36	1	0	0	0	40	0	0	50
1	1	0	52	48000	35	0	0	0	1	40	0	0	50
0	1	0	52	67600	44	0	1	0	0	40	0	0	50
0	0	0	52	68000	42	0	1	0	0	48	0	0	50
0	1	0	52	100000	44	0	0	1	0	45	0	0	50
1	1	0	52	90800	44	0	0	1	0	40	0	0	50
1	1	0	52	50000	45	0	0	0	1	60	0	0	50
0	1	0	52	65000	48	0	0	1	0	50	0	0	50
0	1	0	52	90000	48	0	1	0	0	40	0	0	50
1	0	1	52	52400	30	0	0	0	1	43	0	0	50
0	1	0	52	188000	49	0	0	1	0	40	0	0	50
1	1	0	52	25000	50	0	0	1	0	40	0	0	50
0	1	0	52	60000	53	0	0	0	1	55	0	0	50
0	1	0	52	81500	48	0	1	0	0	65	0	0	50
1	1	0	52	36000	51	0	1	0	0	50	0	0	50
0	0	1	52	43000	31	1	0	0	0	70	0	0	50
1	0	1	52	40000	59	0	0	0	1	40	0	0	50
0	1	0	52	39561	34	1	0	0	0	40	0	0	50
1	0	0	52	39000	45	0	0	1	0	40	0	0	50
1	1	0	52	60000	53	0	1	0	0	40	0	0	50
0	0	0	52	64000	36	0	1	0	0	40	0	0	50
1	0	0	52	35000	62	1	0	0	0	40	0	0	50
0	0	1	52	28000	32	0	1	0	0	40	0	0	50
1	1	0	52	56000	56	0	0	0	1	40	0	0	50
0	0	1	52	22000	52	1	0	0	0	50	0	0	50
0	0	1	52	40002	35	1	0	0	0	40	1	0	50
1	1	0	52	81000	53	1	0	0	0	42	0	0	50
0	1	0	52	34000	42	1	0	0	0	40	0	0	50
0	0	0	52	24000	52	1	0	0	0	40	0	0	50
0	0	1	52	1000	44	1	0	0	0	50	0	0	50
1	0	0	52	40000	49	0	1	0	0	45	0	0	50
0	1	0	52	72000	46	0	0	0	1	65	0	0	50
1	0	0	52	44000	53	0	0	0	1	38	0	0	50
0	0	0	52	35000	47	1	0	0	0	40	0	0	50
1	0	0	52	38000	47	1	0	0	0	40	0	0	50
0	0	0	52	41000	54	1	0	0	0	40	0	0	50
0	1	0	52	25000	53	1	0	0	0	40	0	0	50
1	0	0	52	44000	47	0	1	0	0	40	0	0	50
0	1	0	52	3000	47	1	0	0	0	50	0	0	50
1	1	0	52	35000	44	0	0	1	0	40	0	0	50
0	0	1	52	100000	27	0	0	0	1	55	0	0	50
1	1	0	52	35000	42	0	0	0	1	40	0	0	50
0	1	0	52	25000	41	1	0	0	0	40	0	0	50
1	0	0	52	20000	30	0	0	0	1	40	0	0	50
1	1	0	52	38000	63	0	1	0	0	40	0	0	50
1	0	0	52	30000	58	0	1	0	0	80	0	0	50
0	0	1	52	47000	29	0	0	1	0	45	0	0	50
0	1	0	50	50000	61	0	1	0	0	50	0	0	50
0	0	0	52	40000	60	0	0	1	0	50	0	0	50
0	1	0	52	240374	42	0	0	0	1	50	1	0	50
0	0	0	52	39000	54	1	0	0	0	40	0	0	50
0	1	0	52	45000	39	0	1	0	0	40	0	0	50
0	1	0	52	54000	57	1	0	0	0	42	0	0	50
1	1	0	52	36000	45	1	0	0	0	40	0	0	50
1	1	0	52	30000	35	0	0	1	0	37	0	0	50
0	1	0	52	45000	44	0	0	1	0	40	0	0	50
0	1	0	52	25000	57	0	0	1	0	40	0	0	50
0	0	1	52	60000	27	0	0	1	0	40	0	0	50
0	1	0	52	50000	61	0	1	0	0	40	0	0	50
0	1	0	52	40000	64	0	1	0	0	45	0	0	50
1	1	0	52	63000	37	0	0	0	1	40	0	1	50
0	1	0	52	110000	41	0	0	1	0	40	0	0	50
0	0	1	52	75000	36	0	0	0	1	70	0	0	50
0	1	0	52	42000	60	1	0	0	0	40	0	0	50
1	1	0	52	60000	57	1	0	0	0	50	0	0	50
0	1	0	52	75000	57	0	1	0	0	50	0	0	50
0	1	0	52	125800	50	0	0	1	0	50	0	0	50
1	1	0	52	52000	37	0	0	0	1	40	0	0	50
1	1	0	52	50000	52	0	0	0	1	45	0	0	50
0	1	0	52	70000	52	1	0	0	0	40	1	0	50
0	0	1	52	50000	30	1	0	0	0	40	0	0	50
1	0	0	52	44000	35	0	1	0	0	40	0	0	50
1	1	0	52	22000	59	1	0	0	0	40	0	0	50
0	1	0	52	45000	62	1	0	0	0	40	0	0	50
1	0	0	52	39000	57	0	0	1	0	45	0	0	50
0	1	0	52	70200	56	0	0	1	0	40	0	0	50
0	1	0	52	140000	61	0	0	0	1	50	0	0	50
1	1	0	52	80000	54	0	0	0	1	45	0	0	50
1	1	0	52	50000	58	0	1	0	0	38	0	0	50
0	1	0	52	188000	49	0	0	1	0	40	0	0	50
1	1	0	52	32300	52	0	0	1	0	35	0	0	50
1	0	0	52	50000	42	0	1	0	0	37	0	0	50
0	1	0	52	70000	51	0	0	0	1	40	0	0	50
1	1	0	52	53000	35	0	0	0	1	60	0	0	50
0	1	0	52	43000	29	0	1	0	0	40	0	0	50
0	0	0	48	74000	45	0	0	0	1	40	0	0	50
0	1	0	52	63000	37	0	0	0	1	40	0	0	50
0	1	0	52	55002	35	0	1	0	0	50	0	0	50
1	1	0	52	60000	33	0	0	1	0	40	0	0	50
0	0	0	52	58752	55	0	1	0	0	40	0	0	50
0	1	0	52	110000	35	0	0	1	0	40	0	0	50
0	1	0	52	17300	49	0	1	0	0	35	0	0	50
1	1	0	52	32000	48	1	0	0	0	40	0	0	50
0	0	0	52	10000	59	1	0	0	0	40	0	0	50
1	0	1	52	57000	35	0	0	1	0	75	0	0	50
0	1	0	52	50000	52	1	0	0	0	50	0	0	50
1	1	0	52	59000	35	0	0	0	1	40	0	0	50
0	1	0	52	82000	35	0	0	0	1	50	0	0	50
0	1	0	52	40000	41	0	0	1	0	40	0	0	50
1	1	0	52	46000	42	0	0	0	1	50	0	0	50
1	1	0	52	48000	54	0	1	0	0	35	0	0	50
0	1	0	52	60000	55	1	0	0	0	45	0	0	50
0	0	1	52	32000	26	0	0	1	0	40	0	0	50
1	0	0	52	74000	41	0	0	1	0	36	0	0	50
1	1	0	52	30000	57	1	0	0	0	40	0	0	50
0	1	0	52	38000	62	1	0	0	0	50	0	0	50
1	1	0	52	46000	39	0	0	1	0	40	0	0	50
0	1	0	52	25000	41	0	0	0	1	40	0	0	50
1	0	0	52	36000	38	0	0	1	0	40	0	0	50
0	0	0	52	29000	55	0	1	0	0	40	0	0	50
0	1	0	52	40000	40	0	0	0	1	45	0	0	50
0	1	0	52	48000	50	0	1	0	0	40	0	0	50
0	0	1	52	54600	33	1	0	0	0	45	0	0	50
0	1	0	52	60000	56	1	0	0	0	40	0	0	50
1	1	0	52	58000	53	1	0	0	0	40	0	0	50
0	1	0	50	70000	39	0	1	0	0	40	0	0	50
1	1	0	52	65000	41	0	1	0	0	40	0	0	50
1	1	0	52	40000	25	0	1	0	0	40	0	0	50
0	1	0	52	65000	28	1	0	0	0	45	0	0	50
0	0	1	52	20000	32	1	0	0	0	40	0	0	50
0	0	1	52	160000	29	1	0	0	0	35	0	0	50
1	0	0	52	30000	38	1	0	0	0	38	0	0	50
1	0	0	52	22000	59	0	1	0	0	37	0	0	50
0	0	1	52	17000	40	1	0	0	0	35	0	0	50
0	1	0	52	50000	64	1	0	0	0	50	0	0	50
1	0	0	52	50002	34	0	0	0	1	40	0	0	50
0	1	0	50	71000	54	0	0	1	0	40	0	0	50
1	0	1	52	36000	28	0	1	0	0	40	0	0	50
0	0	1	52	14999	24	0	1	0	0	40	0	0	50
1	0	1	52	90000	27	0	0	0	1	40	0	0	50
0	0	1	52	20000	25	1	0	0	0	40	0	0	50
1	1	0	52	25000	33	0	1	0	0	40	0	0	50
0	1	0	52	60000	44	0	0	1	0	50	0	0	50
0	1	0	52	25000	36	1	0	0	0	40	0	0	50
1	1	0	52	20000	32	0	1	0	0	40	0	0	50
1	1	0	52	55000	57	1	0	0	0	40	0	0	50
1	0	1	52	24000	24	0	1	0	0	55	0	0	50
0	0	1	52	25000	28	1	0	0	0	35	0	0	50
1	1	0	48	15000	28	1	0	0	0	40	0	1	50
0	1	0	52	21632	58	1	0	0	0	40	0	0	50
1	1	0	52	35000	44	0	0	1	0	40	0	0	50
0	0	0	52	57000	41	1	0	0	0	40	0	0	50
0	1	0	52	75000	51	0	0	1	0	40	0	0	50
1	1	0	52	41000	47	0	0	0	1	40	0	0	50
1	1	0	52	50440	32	0	0	1	0	40	0	0	50
0	1	0	52	48000	30	1	0	0	0	40	0	0	50
1	0	1	52	57000	47	0	0	0	1	40	0	0	50
1	1	0	52	70000	56	0	0	0	1	38	0	0	50
0	1	0	52	36000	26	1	0	0	0	40	0	0	50
1	1	0	52	17000	24	0	1	0	0	40	0	0	50
1	0	0	52	65000	48	0	0	1	0	40	0	0	50
0	1	0	52	14000	47	1	0	0	0	40	0	0	50
