female	married	nevermar	wkswork	wsal	age	hsdeg	somecol	colldeg	msdoc	hrswkd	nonwht	hispanic	stateid
0	1	0	52	25000	55	1	0	0	0	40	0	0	23
1	1	0	52	20000	42	0	1	0	0	40	0	0	23
0	1	0	52	55002	59	0	0	1	0	40	0	0	23
1	1	0	52	50002	60	0	1	0	0	40	0	0	23
0	1	0	52	37000	28	1	0	0	0	45	0	0	23
1	1	0	52	32800	29	0	0	1	0	40	0	0	23
0	1	0	52	60000	62	0	1	0	0	40	0	0	23
1	1	0	52	45000	51	0	1	0	0	60	0	0	23
0	1	0	52	81000	52	0	0	0	0	40	0	0	23
1	0	0	52	21000	45	0	1	0	0	50	0	0	23
1	1	0	52	29000	58	0	0	1	0	35	0	0	23
0	1	0	52	42000	60	1	0	0	0	40	0	0	23
1	1	0	52	45000	51	0	1	0	0	40	0	0	23
0	1	0	52	140000	54	1	0	0	0	40	0	0	23
0	1	0	52	41000	39	0	0	1	0	40	0	0	23
1	1	0	52	33800	37	0	1	0	0	46	0	0	23
0	1	0	52	20000	63	1	0	0	0	35	0	0	23
1	1	0	52	30000	62	1	0	0	0	40	0	0	23
0	1	0	52	65000	50	0	1	0	0	40	0	0	23
0	1	0	52	60000	45	1	0	0	0	60	0	0	23
1	1	0	52	40000	43	0	1	0	0	40	0	0	23
1	1	0	52	55000	56	0	0	0	1	40	0	0	23
0	1	0	52	72000	51	0	0	0	1	45	0	0	23
0	0	0	52	160002	53	0	0	0	1	50	0	0	23
1	0	0	52	28000	34	1	0	0	0	40	0	0	23
1	1	0	52	45000	31	0	1	0	0	40	0	0	23
0	0	0	52	26200	50	1	0	0	0	35	0	0	23
1	1	0	52	109000	57	0	1	0	0	45	0	1	23
0	1	0	52	75000	55	0	0	1	0	45	0	0	23
1	1	0	52	19000	46	0	1	0	0	40	0	0	23
0	1	0	52	21000	45	1	0	0	0	40	0	0	23
0	1	0	52	101000	44	0	0	1	0	50	0	0	23
1	1	0	52	58000	45	0	0	0	1	40	0	0	23
1	0	0	52	47000	46	0	0	0	1	40	0	0	23
0	1	0	52	380000	59	0	0	1	0	40	0	0	23
0	1	0	52	23000	39	1	0	0	0	50	0	0	23
0	0	1	52	38000	30	1	0	0	0	40	0	0	23
0	0	1	52	45000	32	1	0	0	0	55	0	0	23
1	1	0	52	15045	34	1	0	0	0	35	0	0	23
1	0	0	52	36000	55	1	0	0	0	40	0	0	23
0	1	0	52	41600	33	1	0	0	0	40	0	0	23
0	0	0	52	41600	49	1	0	0	0	42	0	0	23
0	0	1	52	38000	37	0	1	0	0	45	0	0	23
1	0	1	52	22500	48	1	0	0	0	40	0	0	23
0	1	0	52	40000	48	0	0	1	0	40	0	0	23
1	0	0	52	17500	48	1	0	0	0	40	0	0	23
0	1	0	52	35000	55	1	0	0	0	40	0	0	23
1	1	0	52	15000	46	0	1	0	0	40	0	0	23
0	0	1	52	40000	54	0	0	0	0	40	0	0	23
0	0	1	52	26000	61	0	0	0	1	40	0	0	23
1	0	0	52	25000	58	0	0	0	1	55	0	0	23
0	1	0	52	250000	46	0	0	0	1	50	0	0	23
1	0	1	52	10000	41	1	0	0	0	40	0	0	23
0	0	1	52	49000	38	0	0	0	0	40	0	0	23
1	1	0	52	28000	46	0	0	1	0	50	0	0	23
1	0	1	52	21000	31	1	0	0	0	35	1	0	23
1	1	0	52	9000	57	1	0	0	0	60	1	0	23
0	1	0	52	20000	59	1	0	0	0	60	1	0	23
0	1	0	52	6500	39	0	0	0	1	60	1	0	23
1	1	0	52	28000	46	0	0	0	1	60	0	0	23
1	0	0	52	56000	60	1	0	0	0	45	0	0	23
1	1	0	52	26100	52	0	1	0	0	40	0	0	23
0	1	0	52	35000	58	1	0	0	0	40	0	0	23
0	1	0	52	72000	59	0	0	0	0	40	0	0	23
1	1	0	52	54000	46	0	0	1	0	38	0	0	23
0	1	0	52	54000	46	0	0	1	0	40	0	0	23
0	0	0	52	22000	60	0	1	0	0	38	0	0	23
1	0	1	52	41200	39	0	1	0	0	42	0	0	23
1	1	0	52	33000	32	0	1	0	0	38	0	0	23
0	1	0	52	54000	38	0	1	0	0	60	0	0	23
0	0	1	52	26000	44	0	0	1	0	40	0	0	23
1	0	0	52	38000	46	1	0	0	0	40	0	0	23
1	1	0	52	41000	29	0	1	0	0	55	0	0	23
0	1	0	52	24000	33	1	0	0	0	40	0	0	23
0	0	1	52	65000	36	0	0	0	1	37	1	0	23
1	0	0	52	25000	59	1	0	0	0	40	0	0	23
0	1	0	52	81000	45	0	1	0	0	44	0	0	23
1	1	0	52	31000	46	0	1	0	0	42	0	0	23
0	0	1	52	26000	24	0	1	0	0	60	0	0	23
1	1	0	52	27000	37	1	0	0	0	56	0	0	23
0	0	1	52	47767	37	0	1	0	0	53	0	0	23
0	0	1	52	30000	36	1	0	0	0	65	0	0	23
0	1	0	52	35000	52	0	1	0	0	40	0	0	23
1	1	0	52	88000	45	0	0	1	0	36	0	0	23
0	1	0	52	75000	45	0	1	0	0	40	0	0	23
0	1	0	52	40000	34	0	0	1	0	40	0	0	23
0	1	0	52	50000	60	0	1	0	0	60	0	0	23
0	0	0	52	33000	38	0	1	0	0	36	0	0	23
0	1	0	52	60000	31	0	0	1	0	40	0	0	23
0	1	0	52	75000	55	0	0	1	0	55	0	0	23
1	1	0	52	55000	51	0	0	1	0	40	0	0	23
0	1	0	52	35000	31	0	1	0	0	50	0	0	23
1	1	0	52	44000	58	1	0	0	0	50	0	0	23
0	1	0	52	150000	58	0	0	0	1	45	0	0	23
0	0	0	52	38000	58	1	0	0	0	40	0	0	23
0	0	1	52	22000	27	1	0	0	0	35	0	0	23
0	1	0	52	60000	49	1	0	0	0	50	0	0	23
1	1	0	52	55000	52	1	0	0	0	40	0	0	23
0	0	1	52	25000	27	1	0	0	0	35	0	0	23
0	1	0	52	70000	51	0	0	1	0	50	0	0	23
0	1	0	52	35000	48	1	0	0	0	40	0	0	23
1	1	0	52	25000	45	0	1	0	0	40	0	0	23
0	1	0	52	25000	45	0	1	0	0	40	0	0	23
1	1	0	52	70000	58	0	0	1	0	44	0	0	23
0	1	0	52	80000	59	0	0	0	1	44	0	0	23
0	1	0	52	117000	62	1	0	0	0	40	0	0	23
0	1	0	52	110000	52	0	1	0	0	50	0	0	23
1	1	0	52	41000	48	0	0	0	1	40	0	0	23
0	1	0	52	32000	49	1	0	0	0	58	0	0	23
0	1	0	52	63000	30	0	0	1	0	40	0	0	23
1	1	0	52	38000	28	0	0	1	0	40	0	0	23
0	1	0	52	72000	45	0	0	1	0	45	0	0	23
0	0	1	52	36000	43	0	1	0	0	40	0	0	23
1	0	0	52	24000	60	0	1	0	0	36	0	0	23
0	0	0	52	156195	48	0	1	0	0	70	0	0	23
1	0	0	52	36400	33	1	0	0	0	40	0	0	23
0	1	0	52	350000	43	0	0	0	1	45	0	0	23
1	1	0	52	28002	42	0	0	1	0	40	0	0	23
0	1	0	52	60000	32	0	1	0	0	45	0	0	23
1	1	0	52	38000	31	0	0	1	0	40	0	0	23
0	1	0	52	50000	35	0	1	0	0	40	0	0	23
1	1	0	52	45000	39	0	0	0	1	40	0	0	23
0	1	0	52	55000	46	0	0	0	1	40	0	0	23
0	0	0	52	65000	34	0	1	0	0	40	1	0	23
0	1	0	52	80000	35	0	0	0	1	40	0	0	23
1	1	0	52	48000	37	0	0	0	1	40	0	0	23
0	1	0	52	34103	64	0	1	0	0	40	1	0	23
1	1	0	52	33099	46	1	0	0	0	40	0	0	23
0	1	0	52	36500	27	0	1	0	0	40	0	0	23
1	1	0	50	26000	31	0	0	1	0	45	0	0	23
1	0	0	52	15000	51	1	0	0	0	35	0	0	23
0	0	0	52	52000	32	1	0	0	0	50	0	0	23
0	1	0	52	115000	52	0	0	1	0	50	0	0	23
1	1	0	52	31000	51	0	0	1	0	50	0	0	23
1	1	0	52	95000	43	0	0	0	1	40	0	0	23
0	1	0	52	61000	42	0	0	0	1	40	0	0	23
0	0	0	52	58000	43	1	0	0	0	50	0	0	23
1	0	0	52	30000	47	1	0	0	0	40	0	0	23
0	0	1	52	30000	24	1	0	0	0	40	0	0	23
1	0	0	52	35000	47	0	1	0	0	37	0	0	23
1	1	0	52	30000	63	1	0	0	0	40	0	0	23
0	0	0	52	36000	29	0	1	0	0	45	0	1	23
1	1	0	52	120000	51	0	1	0	0	45	0	0	23
0	1	0	52	86000	41	0	0	0	1	40	0	0	23
0	0	1	50	8500	58	1	0	0	0	38	0	0	23
0	1	0	52	84000	52	1	0	0	0	50	0	0	23
1	1	0	52	21800	51	0	0	1	0	38	0	0	23
1	0	0	52	42000	61	0	1	0	0	60	0	0	23
0	1	0	52	58000	45	1	0	0	0	48	0	0	23
1	1	0	52	27000	43	0	0	1	0	40	0	0	23
0	1	0	52	64000	37	0	0	0	1	50	0	1	23
0	1	0	52	36000	55	0	1	0	0	40	0	0	23
0	1	0	52	121200	40	0	0	0	1	45	0	0	23
1	1	0	52	48000	50	1	0	0	0	40	0	0	23
0	1	0	52	33002	42	1	0	0	0	40	0	0	23
0	0	0	52	32500	56	1	0	0	0	42	0	0	23
0	1	0	52	70000	54	0	1	0	0	50	0	0	23
1	1	0	52	47500	51	0	1	0	0	60	0	0	23
0	0	1	52	30000	32	0	1	0	0	40	0	0	23
1	0	1	52	10000	34	0	1	0	0	40	0	0	23
1	0	0	52	48000	57	1	0	0	0	60	0	0	23
0	0	1	52	18000	40	0	0	0	0	40	0	0	23
0	1	0	52	187000	41	0	0	0	1	40	0	0	23
0	1	0	52	108000	37	0	0	0	1	50	0	0	23
1	1	0	52	45000	35	0	0	0	1	50	0	0	23
1	1	0	52	100000	43	0	1	0	0	45	0	0	23
0	1	0	52	150000	40	0	0	1	0	84	0	0	23
0	1	0	52	30000	25	1	0	0	0	40	0	0	23
1	1	0	52	40000	30	0	0	1	0	40	0	0	23
0	1	0	52	20500	31	0	0	1	0	40	0	0	23
0	1	0	52	53000	49	0	0	0	0	40	0	0	23
1	1	0	52	15000	38	1	0	0	0	40	0	0	23
0	1	0	52	40000	40	0	0	1	0	40	0	0	23
1	0	0	52	47604	49	0	0	0	1	40	1	0	23
0	1	0	52	116000	49	0	0	0	1	40	0	0	23
0	0	1	52	17000	31	0	1	0	0	60	1	0	23
0	0	1	52	17600	32	1	0	0	0	40	1	0	23
1	0	0	52	60000	60	0	1	0	0	40	0	0	23
0	0	1	52	50000	30	0	1	0	0	45	1	0	23
0	1	0	52	36000	61	1	0	0	0	50	0	0	23
1	1	0	52	25500	55	0	0	0	0	40	0	0	23
0	0	1	52	45000	28	0	1	0	0	40	0	0	23
1	0	1	52	29000	25	0	1	0	0	38	0	0	23
0	1	0	52	96000	50	0	0	1	0	35	0	0	23
0	0	0	52	37000	62	0	1	0	0	40	0	0	23
0	1	0	52	41000	55	0	1	0	0	40	0	0	23
0	0	1	52	37000	25	0	1	0	0	40	0	0	23
1	0	1	52	37000	41	0	1	0	0	56	0	0	23
0	1	0	52	51500	52	0	1	0	0	40	0	0	23
1	1	0	52	39000	52	0	1	0	0	40	0	0	23
0	1	0	52	18000	35	0	1	0	0	40	1	0	23
1	0	0	52	73000	39	0	0	0	0	44	0	0	23
0	0	0	52	41600	40	0	0	0	0	41	0	0	23
1	0	0	52	45760	39	0	0	1	0	45	0	0	23
1	0	1	52	25000	35	0	1	0	0	40	0	0	23
0	1	0	52	32000	50	0	1	0	0	40	0	0	23
1	1	0	52	40000	39	0	1	0	0	36	0	0	23
0	1	0	52	1099999	44	0	0	1	0	40	0	0	23
1	1	0	52	83000	42	0	0	1	0	42	0	0	23
0	1	0	52	70000	34	0	0	0	1	38	0	0	23
0	1	0	52	32000	37	1	0	0	0	40	0	0	23
0	0	1	52	38000	45	0	1	0	0	40	0	0	23
1	0	1	52	35000	43	0	0	1	0	40	0	0	23
0	1	0	52	150000	43	0	0	1	0	40	0	0	23
1	1	0	52	90000	44	0	0	1	0	40	0	0	23
0	1	0	52	32000	26	1	0	0	0	40	0	0	23
0	1	0	52	70000	47	1	0	0	0	60	0	0	23
0	1	0	52	67000	41	1	0	0	0	40	0	0	23
1	1	0	52	165000	62	1	0	0	0	40	0	0	23
0	0	0	52	45000	60	1	0	0	0	40	0	0	23
1	0	0	52	65000	52	1	0	0	0	40	0	0	23
0	1	0	52	93000	37	0	0	0	1	40	0	0	23
0	1	0	50	60000	54	0	0	1	0	55	0	0	23
1	1	0	50	50000	43	0	0	0	1	40	0	0	23
0	1	0	52	47183	44	0	0	1	0	48	0	0	23
1	1	0	52	25057	35	0	1	0	0	47	0	0	23
0	0	0	52	55000	49	1	0	0	0	70	0	0	23
1	1	0	52	16172	53	1	0	0	0	38	0	0	23
1	0	1	52	45961	35	0	1	0	0	40	0	0	23
0	0	0	52	45000	58	0	1	0	0	50	0	0	23
0	1	0	52	320000	64	0	0	0	1	50	0	0	23
1	1	0	52	209000	63	0	0	0	1	55	0	0	23
0	0	1	49	21000	30	0	0	1	0	44	0	0	23
0	0	0	52	22000	60	1	0	0	0	40	0	0	23
0	1	0	52	67009	34	0	0	0	1	40	0	0	23
0	0	1	49	19000	36	0	0	0	1	45	0	0	23
1	1	0	52	70000	55	0	0	1	0	36	0	0	23
0	1	0	52	77000	55	0	0	1	0	40	0	0	23
0	1	0	52	120000	59	0	1	0	0	50	0	0	23
1	1	0	52	36604	45	0	1	0	0	42	0	0	23
0	1	0	52	56000	43	1	0	0	0	50	0	0	23
0	0	1	52	23000	24	0	1	0	0	45	0	0	23
0	1	0	52	90000	49	0	0	0	1	35	0	0	23
1	0	0	52	46000	47	1	0	0	0	40	0	0	23
0	1	0	52	65000	53	0	0	0	1	50	0	0	23
0	0	1	52	24000	53	0	0	1	0	40	0	0	23
0	0	1	52	20000	52	0	1	0	0	40	0	0	23
0	1	0	52	70000	61	0	1	0	0	40	0	0	23
1	1	0	52	37000	56	0	1	0	0	40	0	0	23
0	0	1	52	38500	55	0	0	1	0	40	0	0	23
0	0	1	52	35500	55	1	0	0	0	37	0	0	23
1	1	0	52	66000	63	0	0	0	1	50	0	0	23
1	1	0	52	45000	50	1	0	0	0	55	0	0	23
0	1	0	52	45000	54	1	0	0	0	40	0	0	23
1	1	0	52	49000	53	0	0	1	0	40	0	0	23
0	1	0	52	38000	49	1	0	0	0	40	0	0	23
0	0	1	52	90000	35	0	0	1	0	43	0	0	23
1	0	0	52	88000	35	0	0	1	0	45	0	0	23
1	1	0	52	55000	37	0	0	0	1	50	0	0	23
0	1	0	52	65000	39	0	0	1	0	40	0	0	23
1	1	0	52	47000	51	0	0	1	0	40	0	0	23
1	1	0	52	35000	30	0	0	1	0	36	0	0	23
0	1	0	52	100000	30	0	1	0	0	45	0	0	23
0	1	0	52	62400	61	0	0	1	0	40	0	0	23
1	1	0	52	50000	58	1	0	0	0	40	0	0	23
0	0	0	52	33000	58	1	0	0	0	50	0	0	23
0	1	0	52	31500	31	1	0	0	0	40	1	1	23
0	1	0	52	44000	64	1	0	0	0	50	0	0	23
0	0	0	52	59000	45	1	0	0	0	40	0	0	23
1	0	0	52	27000	46	1	0	0	0	40	0	0	23
1	1	0	52	39000	28	0	0	1	0	39	0	0	23
0	1	0	52	85000	36	0	1	0	0	60	0	0	23
0	0	1	52	40000	43	0	0	1	0	40	0	0	23
1	0	1	52	73000	32	0	0	0	1	45	0	0	23
1	0	0	52	43680	47	0	0	1	0	40	0	0	23
0	1	0	52	45000	51	0	0	0	1	40	0	0	23
0	1	0	52	78000	42	1	0	0	0	40	0	0	23
1	1	0	52	70000	38	0	0	1	0	40	0	0	23
1	1	0	52	53000	41	0	0	1	0	50	0	0	23
0	1	0	52	52000	39	0	0	1	0	40	0	0	23
1	1	0	52	30000	46	1	0	0	0	40	0	0	23
0	1	0	52	120000	48	0	0	1	0	45	0	0	23
0	1	0	52	82000	47	0	0	1	0	40	0	0	23
1	1	0	52	29000	47	0	0	1	0	40	0	0	23
1	0	1	52	48000	36	0	0	0	1	40	0	0	23
1	0	1	52	140000	31	0	0	1	0	40	0	0	23
0	0	1	52	50000	30	0	0	1	0	40	0	0	23
0	0	1	52	31370	25	0	0	1	0	40	0	0	23
1	0	1	52	25900	25	0	0	1	0	40	0	0	23
0	1	0	52	150000	41	0	0	0	1	40	0	0	23
1	1	0	52	70000	26	0	0	1	0	50	0	0	23
0	1	0	52	42000	31	1	0	0	0	40	0	0	23
1	1	0	52	130000	32	0	0	0	1	42	0	0	23
0	1	0	52	130100	30	0	0	0	1	39	0	0	23
0	0	1	52	45000	40	0	0	1	0	70	1	0	23
1	0	1	52	50000	38	0	1	0	0	60	0	0	23
1	1	0	52	30000	29	0	1	0	0	40	0	1	23
0	1	0	52	86000	53	0	0	0	1	40	0	0	23
0	1	0	50	75000	55	0	0	1	0	45	0	0	23
1	1	0	52	28000	34	0	0	1	0	40	0	0	23
0	1	0	52	30000	34	1	0	0	0	50	0	0	23
0	1	0	52	17560	39	0	0	1	0	40	0	0	23
0	1	0	52	60000	34	1	0	0	0	40	0	0	23
0	1	0	52	132000	57	0	1	0	0	40	1	0	23
1	1	0	52	30400	48	1	0	0	0	40	0	0	23
0	1	0	52	80000	41	0	0	0	1	40	0	0	23
1	1	0	52	52000	52	0	1	0	0	40	1	0	23
1	1	0	52	40000	42	0	1	0	0	40	0	0	23
0	1	0	52	300000	38	0	0	0	1	40	0	0	23
1	1	0	52	45000	36	0	0	1	0	40	0	0	23
0	1	0	52	50000	38	0	0	1	0	70	0	0	23
0	1	0	52	84000	51	0	1	0	0	40	0	0	23
1	1	0	52	52000	50	0	1	0	0	40	0	0	23
0	1	0	52	50000	53	0	0	0	1	40	0	0	23
0	1	0	52	72000	47	0	0	1	0	55	0	0	23
0	0	1	52	350000	42	0	0	1	0	40	0	0	23
0	1	0	52	45000	59	0	0	0	1	60	0	0	23
1	1	0	52	40000	47	0	1	0	0	50	0	0	23
0	1	0	52	49920	36	0	1	0	0	40	0	0	23
1	1	0	52	70720	27	0	0	1	0	40	0	0	23
1	1	0	52	80000	33	0	0	0	1	40	0	0	23
0	1	0	52	82000	36	0	0	1	0	40	0	0	23
1	0	0	52	70900	63	0	0	0	1	49	0	0	23
0	1	0	52	90000	38	0	0	1	0	45	0	0	23
1	1	0	52	28000	38	0	0	1	0	36	0	0	23
1	1	0	52	80000	52	0	0	1	0	45	0	0	23
1	1	0	52	55000	29	0	0	0	1	40	0	0	23
0	1	0	52	80000	28	0	1	0	0	40	0	0	23
1	0	0	52	130000	46	0	0	0	1	50	0	0	23
0	0	0	52	164000	54	1	0	0	0	55	0	0	23
1	1	0	52	95909	42	0	0	1	0	45	0	1	23
0	0	0	52	60000	43	0	1	0	0	50	0	0	23
1	0	0	52	50000	46	0	1	0	0	35	0	0	23
1	1	0	52	114000	59	0	0	1	0	52	0	0	23
0	1	0	52	64000	59	1	0	0	0	50	0	0	23
1	1	0	52	26000	57	1	0	0	0	40	0	0	23
1	1	0	52	70000	52	0	1	0	0	60	0	0	23
0	1	0	52	43000	48	1	0	0	0	40	0	0	23
0	0	1	52	48000	31	1	0	0	0	40	0	0	23
1	0	1	52	36000	33	1	0	0	0	40	0	0	23
1	0	1	52	24000	26	0	1	0	0	40	0	0	23
0	1	0	52	17560	37	0	0	0	1	40	0	0	23
0	1	0	52	200000	47	0	0	0	1	50	0	0	23
1	1	0	52	116000	63	0	0	0	1	55	0	0	23
1	0	1	52	41000	42	0	0	1	0	40	0	0	23
0	0	1	52	45000	30	0	0	1	0	50	0	0	23
0	0	1	52	33000	26	1	0	0	0	40	0	0	23
1	0	0	52	73000	51	0	0	1	0	56	0	0	23
0	1	0	52	140000	63	0	0	0	1	40	0	0	23
1	1	0	52	9517	59	1	0	0	0	70	0	0	23
0	1	0	52	9517	60	1	0	0	0	70	0	0	23
0	0	1	52	60000	63	1	0	0	0	40	0	0	23
1	0	0	52	27000	59	0	0	1	0	40	0	0	23
1	0	1	52	20000	34	1	0	0	0	40	0	0	23
0	1	0	52	200000	52	0	0	1	0	50	0	0	23
0	1	0	52	62000	30	0	1	0	0	40	0	0	23
1	1	0	52	55000	30	0	0	0	1	35	0	0	23
0	0	0	52	51200	58	0	1	0	0	48	0	0	23
0	0	1	52	61638	59	0	0	1	0	45	0	0	23
1	1	0	52	155000	50	0	1	0	0	50	1	0	23
1	1	0	52	25000	38	1	0	0	0	35	0	0	23
1	0	1	52	25000	34	1	0	0	0	40	0	1	23
1	0	1	52	22000	56	0	0	1	0	40	1	0	23
1	0	1	52	50000	56	0	1	0	0	40	0	0	23
0	0	1	52	30000	24	0	0	1	0	40	0	0	23
0	0	0	52	150000	58	0	1	0	0	50	0	0	23
1	1	0	52	180000	46	0	0	1	0	50	0	0	23
1	0	1	52	26000	48	1	0	0	0	40	0	0	23
0	0	0	52	53000	53	1	0	0	0	45	0	0	23
0	1	0	52	60000	60	0	0	0	1	50	0	0	23
1	1	0	52	60000	56	0	0	0	1	50	0	0	23
0	1	0	52	52000	39	1	0	0	0	45	0	0	23
1	0	1	52	29120	29	0	1	0	0	40	0	0	23
0	0	0	52	118500	31	0	0	1	0	60	0	0	23
0	1	0	50	46430	56	1	0	0	0	45	0	0	23
1	1	0	52	100000	55	0	1	0	0	53	0	0	23
0	0	0	52	38000	61	0	1	0	0	50	0	0	23
0	0	1	52	20000	49	1	0	0	0	40	0	0	23
1	1	0	52	12000	64	1	0	0	0	40	0	0	23
1	0	1	52	39999	60	0	0	1	0	40	0	0	23
1	0	0	52	40000	44	1	0	0	0	40	0	0	23
1	1	0	52	34000	24	1	0	0	0	40	0	0	23
0	1	0	52	46800	26	1	0	0	0	45	0	0	23
0	0	1	52	18000	29	0	0	0	0	40	0	1	23
0	0	1	52	47000	53	0	0	0	0	40	0	1	23
1	1	0	52	115000	48	0	0	1	0	57	1	0	23
0	1	0	51	60000	34	0	1	0	0	40	0	0	23
0	1	0	52	75000	51	0	0	0	1	50	0	0	23
0	0	0	52	90000	33	0	0	1	0	55	0	0	23
1	0	1	51	30000	34	0	0	1	0	45	0	0	23
0	1	0	52	100000	54	0	0	0	1	40	0	0	23
0	1	0	52	52000	37	1	0	0	0	40	0	0	23
1	1	0	52	85000	30	0	0	1	0	40	0	0	23
0	0	0	52	171468	43	0	0	0	1	60	0	0	23
1	0	1	52	36000	25	0	1	0	0	40	0	0	23
1	1	0	52	63000	47	0	0	0	1	40	0	0	23
0	1	0	52	71600	46	0	1	0	0	45	0	0	23
0	1	0	52	99000	30	0	1	0	0	50	0	0	23
1	1	0	52	30000	34	0	1	0	0	40	0	0	23
0	1	0	52	68000	43	1	0	0	0	50	0	0	23
1	1	0	52	60000	41	0	0	1	0	50	0	0	23
1	1	0	52	48000	48	0	0	0	1	48	0	0	23
0	1	0	52	40000	48	1	0	0	0	40	0	0	23
0	0	1	52	60320	40	1	0	0	0	40	0	0	23
1	1	0	52	48000	39	0	1	0	0	40	0	0	23
0	1	0	52	50000	37	1	0	0	0	40	0	0	23
1	1	0	52	38000	33	0	0	1	0	40	0	0	23
0	1	0	52	48000	36	0	1	0	0	45	0	0	23
0	1	0	52	115000	30	0	0	0	1	50	0	0	23
1	1	0	52	85000	30	0	0	1	0	50	0	0	23
0	1	0	52	50000	49	0	1	0	0	40	0	0	23
1	0	0	52	48000	34	0	0	1	0	55	0	0	23
0	1	0	52	16000	39	0	1	0	0	40	0	0	23
1	1	0	52	68200	29	1	0	0	0	40	1	0	23
