female	married	nevermar	wkswork	wsal	age	hsdeg	somecol	colldeg	msdoc	hrswkd	nonwht	hispanic	stateid
0	0	1	52	30000	35	0	0	0	1	40	0	0	11
1	0	1	52	95000	37	0	0	0	1	40	0	0	11
1	0	0	52	94000	31	0	0	0	1	40	0	0	11
0	1	0	52	129000	35	0	0	0	1	45	0	1	11
1	1	0	52	300000	33	0	0	0	1	45	0	0	11
0	0	1	52	105000	27	0	0	1	0	50	0	0	11
1	0	1	52	65000	42	0	1	0	0	40	1	0	11
0	1	0	52	107000	41	0	0	0	1	40	0	0	11
1	1	0	52	250000	42	0	0	0	1	55	0	0	11
1	0	1	52	33000	30	0	0	1	0	40	1	0	11
1	1	0	52	100000	35	0	0	0	1	80	0	0	11
0	1	0	52	100000	35	0	0	0	1	80	0	0	11
0	0	1	52	135000	29	0	0	0	1	50	0	1	11
0	1	0	52	75000	37	0	0	0	1	40	0	0	11
0	0	1	52	65000	26	0	0	0	1	40	0	0	11
0	0	0	52	159000	50	0	0	0	1	50	0	0	11
0	1	0	52	1099999	53	0	0	0	1	60	0	0	11
0	1	0	52	350000	41	0	0	0	1	40	0	0	11
1	1	0	52	350000	37	0	0	0	1	40	0	0	11
0	1	0	52	95000	51	0	0	0	1	60	0	0	11
1	0	0	52	160000	28	0	0	0	1	40	0	0	11
1	0	1	52	44000	25	0	0	1	0	50	1	0	11
0	0	1	52	80200	29	0	0	0	1	40	0	1	11
0	0	1	52	25000	26	0	0	0	1	40	1	0	11
0	0	1	52	27000	36	1	0	0	0	40	1	0	11
0	1	0	52	62000	31	0	0	0	1	40	0	0	11
1	1	0	52	50000	31	0	0	0	1	40	0	0	11
1	0	0	52	20000	62	1	0	0	0	40	1	0	11
1	0	1	52	45000	28	0	0	1	0	40	1	0	11
1	1	0	52	64000	43	0	0	0	1	40	1	0	11
0	1	0	52	102000	47	0	0	1	0	40	1	0	11
1	0	1	52	34000	26	0	1	0	0	40	1	0	11
1	0	0	52	80000	35	0	0	1	0	40	0	1	11
0	1	0	52	115000	38	0	0	0	1	40	0	0	11
1	1	0	52	115000	39	0	0	0	1	40	0	0	11
0	1	0	52	185000	37	0	0	0	1	50	0	0	11
1	1	0	52	65000	37	0	0	0	1	45	0	0	11
1	1	0	52	70000	36	0	0	0	1	40	0	0	11
1	0	1	52	45000	25	0	0	1	0	38	0	0	11
1	0	1	52	50000	26	0	0	0	1	40	0	0	11
0	1	0	52	31000	33	0	0	0	1	40	0	0	11
1	0	1	52	74000	32	0	0	1	0	40	0	0	11
1	1	0	52	109000	37	0	0	0	1	45	0	0	11
0	1	0	52	400000	39	0	0	1	0	55	1	0	11
0	0	1	52	101000	32	0	0	1	0	50	0	0	11
1	0	1	52	65000	29	0	0	1	0	40	0	0	11
0	1	0	52	75000	52	0	0	0	1	60	0	1	11
0	0	1	52	66000	61	0	1	0	0	40	1	0	11
1	0	1	52	35000	59	0	1	0	0	40	1	0	11
0	0	1	52	34000	38	1	0	0	0	40	1	0	11
1	0	1	52	140000	31	0	0	0	1	40	1	0	11
0	0	0	52	45000	64	0	1	0	0	40	1	0	11
0	0	1	52	30000	47	0	0	0	0	40	1	0	11
1	0	1	52	26400	30	1	0	0	0	40	1	0	11
0	0	1	52	50000	37	0	0	0	1	50	0	0	11
0	0	1	52	97000	26	0	0	1	0	45	0	0	11
0	1	0	52	150000	35	0	0	1	0	50	0	0	11
0	1	0	52	145000	39	0	0	0	1	40	0	0	11
1	0	1	52	100000	48	0	0	1	0	45	1	0	11
0	0	0	52	60000	53	0	0	1	0	40	1	0	11
1	1	0	52	42000	49	0	1	0	0	40	1	0	11
0	1	0	52	45000	49	0	1	0	0	40	1	0	11
1	0	1	52	38000	28	1	0	0	0	40	1	0	11
1	0	0	52	160000	36	0	0	0	1	50	0	0	11
0	0	0	52	225000	54	0	0	0	1	35	0	0	11
0	1	0	52	270000	40	0	0	1	0	60	1	0	11
0	0	1	52	91000	32	0	0	0	1	45	0	0	11
1	0	1	50	56000	32	0	0	0	1	40	0	0	11
1	0	1	52	60000	44	1	0	0	0	40	1	0	11
1	0	1	52	113333	28	1	0	0	0	55	0	0	11
0	0	1	52	132500	28	0	0	0	1	40	0	0	11
1	0	1	52	8000	27	0	0	1	0	50	0	0	11
0	0	1	52	80000	26	0	0	1	0	50	0	1	11
1	0	1	52	136200	44	0	0	0	1	40	0	0	11
0	0	1	52	60000	27	0	0	1	0	45	0	0	11
0	0	1	52	350000	26	0	0	1	0	40	0	0	11
0	0	1	52	105000	35	0	0	0	1	45	0	0	11
1	0	1	52	40000	41	0	1	0	0	40	1	0	11
1	1	0	50	47000	45	0	0	0	1	40	0	0	11
0	0	1	52	39000	57	0	1	0	0	40	1	0	11
1	1	0	52	97500	31	0	0	1	0	50	0	0	11
0	0	1	52	123000	48	0	0	1	0	40	0	0	11
0	0	1	52	280000	29	0	0	0	1	55	1	0	11
0	0	1	52	76731	39	0	0	0	1	50	0	0	11
1	0	1	52	95000	62	0	0	0	1	40	1	0	11
0	1	0	52	39000	27	0	0	1	0	40	0	0	11
1	1	0	52	50000	28	0	0	0	1	40	0	0	11
1	0	1	52	49500	27	0	0	1	0	40	0	0	11
0	0	1	52	85000	29	0	0	0	1	40	0	0	11
0	0	1	52	40000	60	0	0	0	0	40	1	0	11
1	1	0	52	109000	30	0	0	1	0	40	0	1	11
0	1	0	52	130000	31	0	0	1	0	40	0	1	11
0	0	1	52	45000	28	0	0	1	0	45	0	0	11
1	1	0	52	100000	59	0	1	0	0	40	1	0	11
0	1	0	52	160000	55	0	0	0	1	40	0	0	11
1	0	1	52	65000	31	1	0	0	0	40	1	0	11
0	1	0	52	125000	34	0	0	0	1	40	0	0	11
1	1	0	52	179000	33	0	0	0	1	55	0	0	11
1	0	1	52	80000	56	0	0	0	1	40	0	0	11
0	0	1	52	100000	38	0	0	1	0	40	1	0	11
1	0	1	52	50000	35	0	0	0	1	40	1	0	11
0	0	1	52	42000	25	0	0	0	1	40	1	0	11
1	1	0	52	121200	38	0	0	0	1	40	0	0	11
0	1	0	52	134000	38	0	0	1	0	45	0	0	11
0	1	0	52	96000	31	0	0	0	1	45	1	0	11
1	1	0	52	60000	30	0	0	1	0	40	1	0	11
0	1	0	52	53900	43	0	0	0	1	60	0	0	11
1	1	0	52	250000	28	0	0	1	0	40	0	0	11
1	0	0	52	142666	53	0	0	0	1	40	0	0	11
1	1	0	52	20000	61	1	0	0	0	40	1	0	11
0	1	0	52	40000	62	1	0	0	0	40	1	0	11
0	1	0	52	77000	42	1	0	0	0	40	0	0	11
1	1	0	52	137000	37	0	0	0	1	40	1	0	11
0	1	0	52	160000	37	0	0	0	1	40	1	0	11
1	0	1	52	140000	43	0	0	1	0	40	0	0	11
1	0	1	52	80000	53	0	0	0	1	45	0	1	11
0	0	1	52	125000	57	0	0	0	1	45	0	0	11
0	1	0	52	48000	52	1	0	0	0	40	1	0	11
1	1	0	52	17000	54	1	0	0	0	40	1	0	11
1	0	1	52	70000	27	0	0	0	1	40	0	0	11
0	1	0	52	95000	31	0	0	1	0	40	0	0	11
1	1	0	52	95000	29	0	0	0	1	40	0	0	11
0	1	0	52	40000	61	0	0	0	1	40	0	1	11
1	1	0	52	7800	42	0	1	0	0	44	0	1	11
1	0	1	52	60000	42	0	1	0	0	40	1	0	11
0	1	0	52	100000	37	0	0	0	1	40	0	0	11
1	1	0	52	120000	33	0	0	0	1	40	0	0	11
1	1	0	52	240000	34	0	0	1	0	60	0	0	11
0	1	0	52	90000	31	0	0	0	1	75	0	1	11
0	0	1	52	55000	26	0	0	1	0	50	0	0	11
1	0	1	52	72000	36	0	0	0	1	50	0	1	11
0	1	0	52	50000	45	0	0	1	0	40	0	0	11
1	0	1	52	83000	36	0	0	0	1	40	0	0	11
0	0	1	52	110000	46	0	0	0	1	40	1	0	11
0	1	0	52	285000	31	0	0	0	1	60	0	0	11
1	1	0	52	135000	32	0	0	0	1	45	0	0	11
0	0	1	52	58000	28	0	0	0	1	40	0	0	11
0	0	0	52	400000	56	0	0	0	1	40	0	0	11
0	1	0	52	70000	35	0	0	0	1	40	0	0	11
1	0	0	52	89000	41	0	0	0	1	45	1	1	11
0	0	1	52	103000	50	0	0	0	1	45	0	0	11
1	0	0	52	155000	57	0	0	0	1	50	0	0	11
1	0	1	52	50000	28	0	0	1	0	40	1	0	11
1	0	1	52	50000	53	0	0	1	0	60	1	0	11
0	0	1	52	75000	32	0	0	1	0	40	0	1	11
1	0	1	52	170000	27	0	0	0	1	50	0	0	11
0	1	0	52	26000	29	0	0	1	0	40	1	0	11
0	1	0	52	650000	63	0	0	0	1	60	0	0	11
1	0	1	52	36000	27	0	1	0	0	40	1	0	11
0	0	1	52	200000	32	0	0	0	1	65	0	0	11
1	0	0	52	50000	32	0	0	0	1	40	1	0	11
0	1	0	52	125000	35	0	0	0	1	45	0	0	11
1	1	0	52	80000	35	0	0	1	0	45	0	0	11
0	1	0	52	118000	36	0	0	0	1	40	0	0	11
1	1	0	52	120000	42	0	0	0	1	40	0	0	11
0	1	0	52	170000	42	0	0	1	0	60	0	0	11
1	0	1	52	200000	47	0	0	0	1	40	1	0	11
1	0	1	52	75000	29	0	0	1	0	45	0	0	11
0	1	0	52	112000	31	0	0	0	1	40	0	0	11
1	1	0	52	83000	35	0	0	1	0	40	0	0	11
0	0	0	52	21000	52	0	1	0	0	40	1	0	11
0	0	1	52	135000	41	0	0	0	1	40	1	0	11
0	1	0	52	30720	49	0	1	0	0	40	1	0	11
1	0	1	52	140000	31	0	0	0	1	40	0	0	11
0	0	1	52	145000	36	0	0	0	1	40	0	0	11
1	0	1	52	100000	41	0	0	1	0	45	0	0	11
1	1	0	52	300000	39	0	0	0	1	55	0	0	11
0	1	0	52	110000	46	0	0	1	0	40	0	0	11
0	0	1	52	29000	39	1	0	0	0	36	1	0	11
0	1	0	50	5000	44	0	0	0	1	40	0	1	11
1	1	0	48	50000	33	0	0	1	0	40	1	0	11
0	1	0	52	150000	53	0	0	0	1	40	0	0	11
0	0	0	52	1299999	59	0	0	0	1	70	0	0	11
1	1	0	52	160000	39	0	0	1	0	50	1	1	11
0	0	1	52	101000	53	0	0	0	1	40	0	0	11
0	1	0	52	49000	29	0	0	1	0	40	0	0	11
1	1	0	52	80000	30	0	0	1	0	46	0	0	11
1	0	0	52	75000	42	0	0	0	1	40	0	0	11
0	0	1	52	75000	25	0	0	1	0	55	0	0	11
1	0	1	52	56000	25	0	0	1	0	40	0	0	11
0	1	0	52	138000	34	0	0	0	1	43	0	0	11
1	1	0	52	88000	32	0	0	0	1	40	0	0	11
0	1	0	52	75000	37	0	0	1	0	50	0	0	11
1	1	0	52	150000	60	0	0	1	0	50	0	1	11
1	1	0	52	158000	63	0	0	0	1	70	0	0	11
0	0	0	52	70000	36	0	0	0	1	40	0	0	11
0	0	0	52	92000	38	0	0	0	1	40	0	0	11
1	0	1	52	16000	29	1	0	0	0	35	1	0	11
1	0	1	52	32000	24	0	0	1	0	40	0	0	11
1	0	1	52	40000	24	0	0	1	0	40	0	0	11
1	0	1	52	47000	26	0	0	1	0	55	1	0	11
0	1	0	52	100000	35	0	0	1	0	40	0	0	11
1	1	0	52	45002	36	0	0	0	1	40	0	0	11
0	0	1	52	65000	29	0	1	0	0	40	0	0	11
0	0	0	52	165000	40	0	0	0	1	40	0	0	11
1	0	0	52	174000	46	0	0	0	1	50	0	0	11
0	1	0	52	136211	30	0	0	0	1	45	0	0	11
1	1	0	52	186490	32	0	0	0	1	45	1	0	11
0	1	0	52	72000	35	1	0	0	0	52	1	0	11
0	1	0	52	72000	37	0	0	1	0	40	1	0	11
1	1	0	52	42500	36	0	0	0	1	49	1	0	11
1	1	0	52	120000	38	0	0	0	1	40	0	0	11
0	0	1	52	55000	56	0	0	1	0	40	0	0	11
0	0	1	52	40000	49	0	0	1	0	40	1	0	11
0	0	0	52	120000	40	0	0	1	0	35	0	0	11
0	0	1	52	90000	29	0	0	1	0	40	1	0	11
0	1	0	52	58000	29	0	0	0	1	60	1	0	11
1	1	0	52	29000	28	0	0	0	1	80	1	0	11
0	1	0	52	52000	58	0	1	0	0	40	1	0	11
0	1	0	52	40000	30	0	0	1	0	50	1	0	11
1	1	0	52	51000	31	0	0	0	1	40	1	0	11
1	0	1	52	20000	28	0	1	0	0	40	1	0	11
0	0	1	52	23002	51	1	0	0	0	40	1	0	11
1	1	0	52	105000	50	0	0	1	0	50	0	0	11
0	1	0	52	126000	50	0	0	0	1	50	0	0	11
0	0	1	52	35000	35	0	0	0	1	40	0	0	11
1	1	0	52	70000	49	0	0	0	1	40	0	0	11
0	1	0	52	150000	50	0	0	1	0	40	0	0	11
0	1	0	52	105000	50	0	0	1	0	50	0	0	11
0	0	1	52	30000	63	0	0	0	1	40	1	0	11
0	0	1	52	35000	25	0	0	1	0	40	1	0	11
0	0	0	52	150000	43	0	0	0	1	50	0	0	11
1	0	1	52	45000	25	0	0	0	1	40	0	0	11
1	0	1	52	80000	24	0	0	0	1	40	0	0	11
1	0	1	52	65000	30	0	0	0	1	40	0	0	11
0	0	1	52	55000	29	0	0	0	1	50	0	0	11
1	1	0	48	350000	49	0	0	0	1	50	0	0	11
0	1	0	52	20000	46	0	0	0	0	45	1	0	11
0	0	1	52	60000	34	0	0	0	1	50	0	0	11
0	0	0	52	38000	55	1	0	0	0	40	1	0	11
0	1	0	52	200000	35	0	0	1	0	60	0	0	11
1	1	0	52	110000	34	0	0	0	1	50	0	0	11
1	1	0	52	50000	39	0	0	0	1	55	0	0	11
0	1	0	51	195000	47	0	0	0	1	50	1	0	11
0	1	0	52	85000	31	0	0	1	0	40	0	0	11
1	1	0	52	65000	30	0	0	0	1	46	0	0	11
0	0	1	52	95000	27	0	0	1	0	40	0	0	11
0	1	0	52	14000	43	0	0	0	0	40	0	1	11
0	0	1	52	114000	28	0	0	1	0	50	1	0	11
0	0	0	52	82595	44	0	1	0	0	40	0	0	11
1	0	0	52	36000	46	0	0	0	1	40	0	0	11
1	0	1	52	180000	28	0	0	0	1	50	0	0	11
0	0	1	52	144000	54	0	0	0	1	70	1	0	11
1	0	1	52	60000	41	0	0	1	0	35	1	0	11
1	0	0	52	108000	63	0	0	1	0	37	1	0	11
0	1	0	52	75000	39	0	0	0	1	40	1	0	11
1	1	0	52	80000	37	0	0	1	0	55	1	0	11
0	1	0	52	1000000	48	0	0	0	1	40	0	0	11
1	1	0	52	250000	47	0	0	1	0	40	0	0	11
1	0	1	52	45000	31	0	0	0	1	45	0	0	11
1	0	1	52	52000	28	0	0	0	1	45	0	0	11
1	0	1	52	40000	28	0	0	1	0	40	1	0	11
1	0	0	52	20000	53	1	0	0	0	40	1	0	11
0	0	0	52	33000	54	1	0	0	0	40	1	0	11
0	1	0	52	87000	36	0	1	0	0	50	0	0	11
1	1	0	52	130000	38	0	0	1	0	50	0	0	11
0	0	1	52	84500	60	0	0	0	1	46	1	0	11
0	0	0	52	165000	47	0	0	0	1	40	1	0	11
0	0	1	52	75000	29	0	0	1	0	40	0	0	11
1	0	1	52	100000	45	0	0	1	0	40	0	0	11
0	0	1	52	144000	42	0	0	0	1	40	1	0	11
1	0	1	52	12000	43	1	0	0	0	40	1	0	11
0	1	0	52	85000	52	0	0	1	0	55	1	0	11
1	1	0	52	160000	52	0	0	0	1	60	1	0	11
1	0	1	52	126000	36	0	0	0	1	40	0	0	11
0	0	1	52	200000	46	0	0	0	1	50	1	0	11
1	0	1	52	58000	26	0	0	1	0	40	0	0	11
0	0	1	52	150000	32	0	0	0	1	55	0	0	11
0	1	0	52	116000	39	0	0	1	0	55	1	0	11
1	1	0	52	78000	39	0	0	0	1	40	1	0	11
0	0	1	52	89000	45	0	0	0	1	40	0	0	11
0	0	1	52	25000	35	0	0	1	0	40	0	0	11
0	0	1	52	92000	41	0	0	1	0	55	0	0	11
1	0	1	52	55000	36	0	0	0	1	45	0	1	11
0	1	0	52	140000	46	0	0	0	1	55	0	0	11
0	0	1	52	82000	34	0	0	1	0	40	1	0	11
1	0	1	52	35000	34	1	0	0	0	50	1	0	11
1	1	0	52	92000	60	0	0	0	1	40	1	0	11
0	1	0	52	89000	60	0	0	0	1	40	1	0	11
1	0	1	52	65000	25	0	0	1	0	40	0	0	11
1	0	1	52	40000	25	0	0	1	0	45	0	0	11
1	0	1	52	45000	25	0	0	1	0	40	0	0	11
0	0	1	50	68000	40	0	1	0	0	37	0	0	11
1	0	1	52	114120	58	0	0	0	1	50	0	0	11
1	1	0	52	165000	57	0	0	1	0	50	0	0	11
1	0	1	52	32000	31	1	0	0	0	40	1	0	11
0	1	0	52	25000	39	0	0	0	0	40	0	1	11
1	0	1	52	50000	55	0	1	0	0	40	1	0	11
0	1	0	52	100000	50	0	0	1	0	45	0	0	11
1	1	0	52	150000	44	0	0	1	0	50	1	0	11
0	1	0	52	76000	39	0	0	1	0	40	0	0	11
0	0	1	52	82000	32	0	0	1	0	40	0	0	11
1	0	1	52	100000	34	0	0	1	0	40	0	0	11
0	0	0	52	110000	44	0	0	1	0	40	0	0	11
1	0	1	52	65000	28	0	0	0	1	55	0	0	11
1	0	1	52	45000	24	0	0	1	0	45	0	0	11
1	0	1	52	40000	32	0	0	0	1	40	0	0	11
0	1	0	52	135000	36	0	0	0	1	40	0	0	11
1	1	0	52	50000	37	0	0	0	1	40	0	1	11
0	0	1	52	87000	34	0	0	1	0	60	0	0	11
1	0	1	52	96200	32	0	0	0	1	48	0	0	11
1	0	1	52	60000	32	0	0	1	0	54	1	0	11
1	0	0	52	120000	42	0	0	0	1	50	0	0	11
1	0	1	52	62000	34	0	0	0	1	40	1	0	11
0	0	1	52	86000	30	0	0	1	0	40	0	0	11
1	1	0	52	1000000	51	0	0	0	1	40	0	0	11
0	1	0	52	107000	51	0	0	0	1	40	1	0	11
0	1	0	52	45000	39	0	0	0	1	40	0	0	11
1	1	0	52	240000	40	0	0	0	1	40	0	0	11
1	0	1	52	92000	39	0	0	0	1	40	0	0	11
1	1	0	50	55000	31	0	0	1	0	40	0	0	11
0	1	0	52	98000	31	0	0	1	0	45	0	0	11
1	1	0	52	49000	64	0	1	0	0	50	0	0	11
0	0	0	48	290000	53	0	0	0	1	60	1	0	11
1	0	1	52	70000	26	0	0	0	1	40	0	0	11
1	0	1	52	45000	25	0	0	0	1	40	0	0	11
1	0	1	50	57000	35	0	0	0	1	50	1	0	11
0	0	1	52	20000	32	0	0	1	0	40	1	0	11
1	0	1	52	62000	58	0	1	0	0	40	1	0	11
0	0	1	52	20000	25	0	1	0	0	40	1	0	11
1	0	1	52	75000	34	0	0	1	0	40	1	0	11
1	0	1	52	95000	35	0	0	0	1	40	0	0	11
0	0	1	52	88000	34	0	0	1	0	40	0	0	11
1	0	1	52	36500	64	0	1	0	0	40	1	0	11
1	0	0	52	34700	49	0	0	0	1	40	1	0	11
0	0	1	52	165000	37	0	0	0	1	40	1	0	11
1	0	1	52	81000	35	0	0	0	1	50	0	0	11
0	0	1	52	28000	40	0	0	0	0	40	0	1	11
0	0	1	52	65000	46	0	0	1	0	40	0	0	11
0	0	0	52	70779	44	0	0	0	1	40	0	0	11
0	0	1	52	40000	53	0	1	0	0	40	1	0	11
0	1	0	52	33000	40	1	0	0	0	40	0	1	11
1	1	0	52	24000	40	1	0	0	0	40	0	1	11
0	0	1	52	35000	28	0	0	0	0	40	0	1	11
1	0	1	52	124000	27	0	0	0	1	40	1	0	11
1	1	0	52	66000	45	0	0	0	1	40	0	1	11
0	0	1	48	60000	30	0	0	0	1	60	0	0	11
0	0	1	52	96000	49	0	0	0	1	50	0	0	11
1	0	0	52	50000	48	0	0	0	1	40	1	0	11
1	0	0	52	101000	59	0	0	0	1	60	1	0	11
0	0	1	52	55000	27	0	0	1	0	40	1	0	11
1	0	0	52	20000	51	0	1	0	0	40	1	0	11
0	1	0	52	65000	38	0	0	0	1	40	0	1	11
1	0	0	52	52000	60	0	1	0	0	40	1	0	11
0	1	0	52	90000	36	0	0	1	0	40	0	0	11
0	0	1	52	76000	27	0	0	1	0	40	0	0	11
1	0	1	52	142700	51	0	0	1	0	40	0	0	11
0	1	0	52	100000	37	0	0	0	1	40	0	0	11
1	0	0	52	240000	38	0	0	0	1	50	0	0	11
0	0	0	52	45000	52	1	0	0	0	40	1	0	11
1	0	1	52	43500	24	0	0	1	0	40	0	0	11
0	0	0	52	96000	49	0	1	0	0	40	1	0	11
0	0	1	52	18000	42	1	0	0	0	35	1	0	11
1	0	1	50	30000	43	1	0	0	0	37	1	0	11
0	1	0	52	32000	62	1	0	0	0	40	1	0	11
1	1	0	52	30000	55	1	0	0	0	35	1	0	11
0	0	1	52	45000	51	0	0	1	0	40	1	0	11
1	1	0	52	127000	47	0	0	0	1	40	0	0	11
1	1	0	52	330000	39	0	0	0	1	40	0	0	11
0	1	0	52	89000	40	0	0	1	0	40	0	0	11
0	0	0	52	225000	59	0	0	0	1	50	0	0	11
0	0	1	52	135000	51	0	0	0	1	40	1	0	11
1	0	1	52	92000	41	0	0	0	1	50	0	0	11
0	0	1	48	39000	34	0	0	0	0	40	1	1	11
0	0	1	52	30000	32	0	0	0	0	40	1	1	11
0	0	1	52	35000	33	0	1	0	0	40	0	0	11
0	0	1	52	38000	30	0	1	0	0	60	0	0	11
0	0	1	52	67000	30	0	1	0	0	40	0	0	11
1	0	1	52	30000	30	0	1	0	0	40	0	0	11
1	0	1	52	13000	30	0	1	0	0	40	0	0	11
1	0	1	52	22000	27	0	1	0	0	40	0	0	11
0	0	1	52	48000	28	0	0	1	0	40	0	0	11
0	0	1	52	20000	31	1	0	0	0	40	0	0	11
0	0	0	52	245000	50	0	0	0	1	50	0	0	11
0	0	0	52	1000000	51	0	0	1	0	45	0	0	11
0	0	1	52	75000	41	0	0	0	1	60	0	0	11
1	0	1	52	40000	37	0	0	0	1	60	0	0	11
0	1	0	52	110000	28	0	1	0	0	40	1	0	11
0	1	0	52	97000	38	0	0	1	0	40	0	1	11
1	1	0	52	61000	38	0	0	1	0	40	0	0	11
0	1	0	52	27000	49	0	0	0	0	40	0	1	11
0	1	0	52	36000	54	0	1	0	0	40	0	1	11
1	0	0	52	105000	48	0	0	0	1	40	0	0	11
1	0	1	52	70000	26	0	0	0	1	40	1	0	11
0	0	0	52	121400	33	0	0	1	0	40	1	0	11
1	0	1	52	75000	33	0	0	1	0	40	0	0	11
0	1	0	52	20000	40	1	0	0	0	40	1	0	11
0	1	0	52	1099999	63	0	0	0	1	50	0	0	11
1	0	1	52	60000	35	0	0	1	0	40	0	0	11
1	0	1	52	5000	40	0	1	0	0	40	1	0	11
0	0	0	52	180000	36	0	0	1	0	55	0	0	11
0	1	0	52	240000	56	0	0	0	1	40	0	0	11
0	1	0	52	95000	31	0	0	0	1	40	0	0	11
1	1	0	52	120000	30	0	0	0	1	40	0	0	11
0	1	0	52	24000	30	0	0	0	1	40	0	0	11
1	1	0	52	14400	25	0	0	1	0	35	0	0	11
1	0	1	52	43000	25	0	0	1	0	45	1	0	11
0	1	0	52	160000	57	0	0	1	0	55	1	0	11
1	0	1	52	37500	58	0	0	1	0	45	0	0	11
0	0	0	52	150000	50	0	0	0	1	45	0	0	11
0	0	1	52	59000	32	0	0	0	1	40	0	0	11
1	1	0	52	60000	34	0	0	1	0	40	1	0	11
0	1	0	52	120000	34	0	0	1	0	40	1	0	11
0	0	1	50	105000	28	0	0	1	0	45	0	0	11
1	0	1	52	110000	32	0	0	0	1	50	0	0	11
1	0	1	52	115000	38	0	0	0	1	40	1	0	11
1	0	1	52	35000	51	1	0	0	0	40	1	0	11
1	0	1	52	94000	31	0	0	0	1	50	0	0	11
0	1	0	52	45000	58	0	0	0	1	50	0	0	11
0	0	1	52	105000	39	0	0	1	0	40	0	1	11
0	0	1	52	40000	33	0	0	1	0	40	0	0	11
0	0	1	52	54000	31	1	0	0	0	40	0	0	11
1	0	1	52	58000	27	0	0	0	1	40	0	0	11
1	0	1	52	40000	25	1	0	0	0	40	0	0	11
1	0	1	52	107000	31	0	0	0	1	45	0	0	11
0	0	1	50	30000	45	0	0	0	1	50	1	0	11
1	1	0	52	27000	31	0	0	0	0	35	0	1	11
0	1	0	52	35000	40	0	0	0	0	40	0	1	11
1	0	1	52	93000	35	0	0	0	1	40	0	0	11
1	0	0	52	40000	51	0	1	0	0	40	1	0	11
1	0	1	52	22000	33	1	0	0	0	40	1	0	11
0	0	1	52	75000	51	0	0	1	0	40	1	0	11
1	0	0	50	37200	36	0	1	0	0	40	1	0	11
1	1	0	52	180000	52	0	0	0	1	40	0	0	11
0	1	0	52	250000	57	0	0	0	1	50	0	0	11
0	0	1	52	100000	62	0	0	1	0	50	0	0	11
1	0	0	52	20000	24	0	0	0	1	40	1	0	11
0	0	1	52	26000	42	0	1	0	0	40	1	0	11
1	0	1	52	35000	29	0	0	1	0	40	1	0	11
1	0	1	52	38083	26	0	0	1	0	40	0	0	11
1	0	1	52	50000	25	0	0	1	0	60	1	0	11
1	0	0	52	52000	44	0	1	0	0	40	1	0	11
0	0	1	52	30000	41	0	1	0	0	40	1	0	11
1	0	1	52	44000	45	0	1	0	0	45	1	0	11
1	1	0	52	116000	46	0	0	0	1	45	0	0	11
0	1	0	52	220000	50	0	0	0	1	65	0	0	11
0	1	0	52	42000	47	0	0	0	0	40	1	0	11
1	1	0	52	34000	52	0	1	0	0	40	1	0	11
0	1	0	52	100000	42	0	0	0	1	40	1	0	11
0	0	1	52	12000	36	1	0	0	0	40	1	0	11
0	0	1	52	30000	37	0	0	0	0	40	1	0	11
0	1	0	52	60000	52	0	0	0	1	50	0	0	11
0	1	0	52	100000	51	0	0	1	0	40	0	0	11
0	0	1	52	50000	52	0	1	0	0	40	0	0	11
0	0	1	52	105000	62	0	0	1	0	50	0	0	11
0	0	1	52	67500	29	0	0	1	0	40	0	0	11
0	0	1	52	30000	29	0	0	0	1	40	0	0	11
0	0	1	52	51000	29	0	0	1	0	40	0	0	11
0	1	0	52	30000	38	1	0	0	0	52	1	0	11
0	0	1	52	85000	46	0	0	1	0	40	1	0	11
1	0	1	52	90000	36	0	0	0	1	52	0	0	11
1	1	0	52	20000	53	1	0	0	0	50	1	0	11
0	1	0	52	28000	59	0	1	0	0	35	1	0	11
1	0	0	52	89000	53	0	0	0	1	40	1	0	11
1	0	1	52	38500	25	0	0	1	0	40	0	0	11
0	0	1	52	38000	25	0	0	1	0	40	0	0	11
1	1	0	52	100000	56	0	0	0	1	40	0	0	11
0	1	0	52	150000	56	0	0	0	1	65	0	0	11
1	0	1	52	115100	29	0	0	1	0	40	0	0	11
1	0	0	52	105000	29	0	0	1	0	40	1	0	11
0	0	1	52	55000	28	0	0	0	1	45	1	0	11
1	0	0	52	150000	59	0	0	1	0	40	0	0	11
0	0	1	52	31720	32	0	0	1	0	40	0	0	11
0	1	0	52	120000	37	0	0	0	1	50	0	0	11
1	1	0	52	80000	35	0	0	0	1	55	0	1	11
1	1	0	52	78000	49	0	1	0	0	40	0	1	11
0	0	1	52	103000	34	0	0	0	1	50	0	0	11
0	0	1	52	96000	27	0	0	1	0	40	0	0	11
1	0	1	52	58000	27	0	0	0	1	40	0	0	11
1	0	1	52	82000	26	1	0	0	0	40	0	0	11
0	0	1	52	206900	50	0	0	0	1	40	1	0	11
1	0	0	52	45000	52	0	1	0	0	40	1	0	11
0	0	0	52	137700	40	0	1	0	0	80	1	0	11
0	0	1	52	90000	30	0	0	0	1	50	0	0	11
1	0	1	52	65000	32	0	0	0	1	50	0	0	11
1	0	1	52	32000	34	0	0	0	1	40	1	0	11
1	0	1	52	31000	31	0	0	0	1	40	1	0	11
1	1	0	52	260000	63	0	0	0	1	45	1	0	11
0	0	0	52	145000	60	0	0	1	0	50	1	0	11
1	0	1	52	37000	27	0	0	1	0	40	1	0	11
1	1	0	52	30000	42	1	0	0	0	40	0	1	11
0	1	0	52	95000	30	1	0	0	0	40	0	1	11
0	0	1	52	45100	25	0	0	1	0	41	0	0	11
1	0	1	52	54000	26	0	0	1	0	45	0	0	11
0	1	0	52	9000	51	0	0	1	0	40	0	0	11
1	0	1	52	22464	53	0	0	0	1	40	0	0	11
0	1	0	52	750000	52	0	0	0	1	60	0	0	11
1	0	1	52	26000	32	0	1	0	0	35	1	1	11
0	1	0	52	21600	29	0	1	0	0	40	1	1	11
0	0	1	52	205000	25	0	0	1	0	40	0	0	11
1	0	1	52	75000	24	0	0	1	0	40	0	1	11
1	1	0	52	92000	47	0	0	1	0	40	0	0	11
0	1	0	52	109000	55	0	0	1	0	40	0	0	11
0	1	0	52	125000	35	0	0	0	1	40	0	0	11
0	0	1	52	65000	31	0	0	0	1	40	1	0	11
1	1	0	52	115000	39	0	0	0	1	40	0	0	11
0	1	0	52	109000	38	0	0	0	1	45	0	0	11
1	0	1	52	93000	51	0	1	0	0	40	1	0	11
1	1	0	52	70002	47	0	0	1	0	40	0	1	11
0	1	0	52	300000	34	0	0	0	1	40	0	0	11
1	1	0	52	140000	40	0	0	0	1	60	0	0	11
1	1	0	52	85000	37	0	0	0	1	40	0	0	11
0	1	0	52	100000	36	0	0	0	1	40	0	0	11
0	1	0	52	168000	48	0	0	0	1	40	0	0	11
1	0	1	52	78900	56	0	0	0	1	65	0	0	11
1	0	1	52	19000	50	1	0	0	0	40	1	0	11
1	1	0	52	54000	36	0	0	0	1	50	0	1	11
0	1	0	52	210000	36	0	0	0	1	70	0	0	11
0	0	1	52	165000	26	0	0	0	1	40	0	0	11
0	0	1	52	42400	27	0	0	1	0	44	0	0	11
0	0	1	52	200000	28	0	0	1	0	60	0	0	11
0	0	1	52	30002	51	0	0	1	0	40	0	0	11
0	0	1	52	55000	34	0	0	1	0	37	1	1	11
1	0	1	52	65000	25	0	0	1	0	55	0	1	11
0	0	1	52	65000	28	0	0	1	0	40	0	0	11
1	0	1	52	85000	26	0	0	1	0	40	0	0	11
0	1	0	52	175000	33	0	0	1	0	60	0	0	11
1	1	0	52	100000	31	0	0	1	0	50	0	0	11
0	0	1	52	71295	27	0	0	1	0	55	0	0	11
0	0	0	52	42000	28	0	0	1	0	40	0	0	11
1	0	1	52	31200	50	1	0	0	0	60	1	0	11
0	0	1	52	30000	24	1	0	0	0	45	1	0	11
0	0	1	52	60000	26	0	0	0	1	45	0	0	11
1	0	1	52	60000	25	0	0	0	1	40	1	0	11
0	0	1	52	54000	31	0	0	1	0	40	1	0	11
0	0	0	52	65000	50	0	0	0	1	50	1	0	11
0	1	0	52	85000	38	0	0	1	0	40	0	0	11
1	1	0	52	66664	35	0	0	1	0	45	0	0	11
0	0	1	52	120000	33	0	0	1	0	40	0	0	11
0	0	1	52	100000	49	0	0	1	0	50	0	0	11
0	0	1	52	60000	55	0	1	0	0	45	1	0	11
0	0	1	52	80000	51	0	0	0	1	40	0	0	11
0	0	0	52	85000	43	0	0	0	1	40	0	0	11
0	1	0	52	170000	55	0	0	1	0	40	0	0	11
1	1	0	52	113002	61	0	0	0	1	40	0	0	11
1	1	0	52	131700	40	0	0	0	1	55	0	0	11
0	0	1	52	21000	28	0	0	1	0	45	0	0	11
0	0	1	52	85000	30	0	0	0	1	42	0	1	11
0	1	0	52	45000	37	1	0	0	0	40	1	1	11
0	1	0	52	75000	41	0	0	0	1	40	0	0	11
1	1	0	52	115000	42	0	0	0	1	40	0	0	11
0	1	0	52	140000	44	0	0	0	1	50	0	0	11
1	1	0	52	150000	41	0	0	0	1	40	0	0	11
0	1	0	52	88000	32	0	0	0	1	40	0	0	11
1	0	0	52	45000	45	0	1	0	0	40	1	0	11
1	0	0	52	41000	39	0	1	0	0	40	1	0	11
1	1	0	52	21000	55	1	0	0	0	38	1	0	11
1	0	1	52	35000	61	1	0	0	0	40	1	0	11
1	0	0	52	35000	58	1	0	0	0	40	1	0	11
1	0	1	52	46000	42	0	0	1	0	40	0	1	11
0	0	1	52	75000	60	0	0	1	0	50	1	0	11
1	1	0	52	51000	49	0	0	0	1	40	1	0	11
0	1	0	52	125000	49	0	0	0	1	40	1	0	11
0	1	0	52	500000	53	0	0	0	1	40	0	1	11
1	0	0	52	100000	44	0	0	0	1	60	0	0	11
0	0	1	52	50000	33	0	0	1	0	40	0	1	11
0	1	0	52	15000	48	0	1	0	0	40	1	0	11
0	0	1	52	57000	26	0	0	1	0	40	0	0	11
0	0	1	52	50000	27	0	0	1	0	45	0	0	11
0	0	1	52	165000	27	0	0	0	1	60	0	0	11
0	0	1	52	150002	26	0	0	1	0	45	0	0	11
0	1	0	52	100000	45	0	0	0	1	40	0	0	11
1	1	0	52	100000	42	0	0	0	1	40	0	0	11
1	0	1	48	25821	31	0	0	0	1	40	0	0	11
1	0	1	52	67000	28	0	0	0	1	40	0	0	11
1	0	1	52	38083	26	0	0	1	0	40	0	0	11
1	0	1	52	20000	26	0	0	0	1	40	0	0	11
0	0	1	52	50000	47	0	1	0	0	68	1	0	11
0	0	1	52	87000	62	0	0	0	1	40	1	0	11
0	0	1	52	49000	43	0	1	0	0	40	1	0	11
1	1	0	51	20000	27	0	0	0	1	40	0	0	11
0	0	1	52	70000	24	0	1	0	0	40	1	0	11
0	1	0	52	90000	48	0	1	0	0	40	1	0	11
0	1	0	52	150002	46	0	0	0	1	40	1	0	11
0	1	0	52	45000	55	1	0	0	0	80	1	0	11
1	1	0	52	30000	49	0	0	0	0	80	1	1	11
1	0	1	52	40000	28	0	0	1	0	50	0	0	11
1	0	1	52	30000	25	0	0	1	0	40	0	0	11
0	1	0	52	60510	35	0	0	1	0	60	0	1	11
1	1	0	52	117000	35	0	0	0	1	55	0	0	11
1	1	0	52	135000	41	0	0	0	1	40	0	0	11
0	1	0	52	45000	40	1	0	0	0	40	0	0	11
1	1	0	52	100000	31	0	0	0	1	40	0	0	11
0	1	0	52	34000	32	0	0	1	0	40	0	0	11
0	0	0	52	150000	36	0	0	0	1	45	0	0	11
0	0	1	52	65000	30	0	0	0	1	40	0	0	11
0	1	0	52	44000	38	1	0	0	0	40	1	0	11
1	0	1	52	45000	61	0	0	0	0	40	0	1	11
0	0	1	52	63000	29	0	0	1	0	50	0	1	11
1	0	0	52	87000	62	1	0	0	0	40	1	0	11
1	0	1	52	30000	30	0	0	1	0	40	0	0	11
1	0	1	52	45000	30	0	0	1	0	40	0	0	11
0	0	1	52	42500	30	0	0	1	0	40	0	0	11
0	0	1	52	85000	46	0	0	1	0	40	0	0	11
0	1	0	52	62000	31	0	0	0	1	40	0	0	11
1	1	0	52	96000	31	0	0	0	1	40	0	0	11
0	0	1	52	45600	33	0	0	1	0	40	0	0	11
0	0	1	52	65000	26	0	0	0	1	40	0	0	11
1	0	1	52	132000	26	0	0	0	1	40	0	0	11
0	0	1	52	37000	25	0	0	1	0	40	0	0	11
1	0	1	52	27000	25	0	0	1	0	40	1	0	11
0	0	1	52	14	30	0	0	0	0	40	0	1	11
0	0	1	52	27000	48	1	0	0	0	40	1	0	11
0	0	1	52	70000	29	0	0	0	1	40	1	0	11
0	0	1	52	57000	50	0	0	0	1	62	1	0	11
1	0	0	48	120000	49	0	0	1	0	40	0	0	11
0	0	1	52	78000	31	0	0	0	1	40	0	0	11
1	0	1	52	70000	28	0	0	1	0	50	0	0	11
0	0	1	52	115000	47	0	0	0	1	40	0	0	11
0	0	1	52	90000	34	0	0	1	0	40	0	0	11
0	0	1	52	62000	24	0	0	1	0	40	0	0	11
0	0	1	52	65000	32	0	0	1	0	40	1	0	11
0	0	1	50	125000	52	0	0	0	1	40	0	0	11
0	0	0	52	30000	34	1	0	0	0	40	1	0	11
0	0	0	52	45000	52	1	0	0	0	40	1	0	11
1	0	0	52	30000	47	1	0	0	0	40	0	0	11
0	0	1	52	26000	26	1	0	0	0	40	1	0	11
1	1	0	52	44000	61	0	0	0	1	57	0	0	11
0	0	1	50	52000	25	0	1	0	0	40	0	0	11
0	1	0	52	200000	36	0	0	0	1	40	0	0	11
1	1	0	52	190000	38	0	0	1	0	40	0	0	11
1	0	1	52	60000	24	0	0	0	1	40	0	0	11
0	1	0	52	89000	48	0	0	0	1	40	0	0	11
1	1	0	52	80000	48	0	0	0	1	40	0	0	11
1	1	0	52	85000	44	0	0	0	1	45	0	0	11
0	1	0	52	70000	50	0	0	0	1	45	0	0	11
1	0	1	52	43000	34	0	0	0	1	52	1	0	11
0	0	1	52	91000	31	0	0	1	0	40	0	0	11
1	0	1	52	35000	24	0	0	1	0	40	1	0	11
1	0	1	52	80000	25	0	0	1	0	40	1	0	11
0	0	1	52	56000	38	1	0	0	0	35	1	0	11
0	1	0	52	50000	58	0	0	0	0	40	0	1	11
1	1	0	52	29000	56	1	0	0	0	40	0	1	11
0	1	0	52	52000	52	1	0	0	0	40	1	0	11
1	0	1	52	29360	28	0	0	1	0	40	1	0	11
0	0	1	52	74000	30	1	0	0	0	40	1	0	11
1	0	1	52	80000	53	1	0	0	0	40	1	0	11
0	0	1	49	36200	26	0	0	1	0	40	0	0	11
1	0	1	52	124000	33	0	0	0	1	40	1	0	11
1	1	0	52	94000	40	0	0	0	1	40	1	0	11
0	1	0	52	40000	47	1	0	0	0	40	0	1	11
0	0	1	52	153000	28	0	0	0	1	60	0	1	11
1	0	1	48	100000	28	0	0	0	1	50	0	0	11
0	0	1	52	82000	30	0	0	1	0	45	0	0	11
1	0	1	52	70000	61	0	1	0	0	40	0	0	11
1	0	1	52	35000	40	1	0	0	0	40	1	0	11
0	1	0	52	188000	55	0	0	0	1	45	1	0	11
1	1	0	52	145000	50	0	1	0	0	40	1	0	11
0	1	0	52	300000	35	0	0	0	1	55	0	0	11
0	1	0	52	28000	48	0	1	0	0	40	1	0	11
1	0	0	52	12000	27	0	0	0	0	40	1	0	11
1	1	0	52	133000	46	0	0	0	1	40	0	0	11
0	1	0	52	80000	59	0	0	1	0	40	0	0	11
1	1	0	52	90000	40	0	0	0	1	60	1	0	11
0	1	0	52	210000	40	0	0	0	1	45	1	0	11
0	1	0	52	80000	38	0	0	0	1	40	0	0	11
1	1	0	52	73000	36	0	0	0	1	40	0	0	11
1	0	1	52	55000	25	0	0	1	0	40	0	0	11
0	0	1	52	24000	33	0	0	1	0	35	1	0	11
1	0	1	52	20000	38	0	1	0	0	42	1	0	11
1	0	1	52	42000	31	0	0	0	1	40	0	0	11
0	1	0	52	175000	38	0	0	0	1	40	1	0	11
1	0	1	52	80000	30	0	0	0	1	45	0	0	11
1	0	1	52	85000	31	0	0	0	1	45	0	0	11
0	0	0	52	300000	32	0	1	0	0	45	0	0	11
1	0	0	52	14000	63	1	0	0	0	52	1	0	11
1	0	0	52	28000	38	1	0	0	0	40	1	0	11
1	0	0	52	25000	37	1	0	0	0	56	1	0	11
0	0	1	52	69000	28	0	0	1	0	40	0	0	11
0	0	1	52	50000	26	0	0	0	1	40	0	0	11
0	0	1	52	13000	46	0	0	1	0	40	0	0	11
0	0	1	52	25000	27	0	0	1	0	50	1	0	11
0	0	1	52	51300	27	0	0	1	0	40	0	0	11
1	1	0	52	12000	46	0	0	0	0	40	1	1	11
0	1	0	52	26000	60	0	0	0	0	40	1	1	11
1	0	1	52	42000	28	0	0	1	0	40	1	1	11
1	0	1	52	70000	30	0	0	0	1	40	0	1	11
1	0	0	52	30000	32	0	1	0	0	40	1	0	11
0	1	0	52	71000	25	0	1	0	0	40	1	0	11
1	0	1	52	52100	27	0	0	1	0	40	0	0	11
0	0	1	52	77000	27	0	0	1	0	40	0	0	11
1	1	0	52	101200	37	0	0	0	1	40	1	0	11
0	1	0	52	100000	44	0	0	0	1	50	1	0	11
1	0	0	52	31200	50	0	1	0	0	40	1	0	11
0	1	0	52	82000	46	0	0	1	0	50	0	0	11
1	1	0	52	47000	34	0	0	0	1	40	0	1	11
1	0	1	52	80000	32	0	0	0	1	55	0	0	11
0	0	1	52	25000	33	0	0	0	1	50	0	0	11
1	0	1	52	43000	29	0	1	0	0	40	0	0	11
0	0	1	52	65000	33	0	1	0	0	40	0	1	11
1	0	1	52	85000	33	0	0	0	1	40	1	0	11
1	0	1	52	54000	25	0	0	1	0	45	0	0	11
1	0	1	52	40000	50	1	0	0	0	40	0	1	11
0	0	1	52	45000	27	0	1	0	0	40	0	1	11
1	1	0	52	240000	35	0	0	0	1	40	1	0	11
0	1	0	52	110000	47	0	0	1	0	40	0	0	11
1	1	0	52	51000	43	0	0	0	1	40	0	0	11
0	0	0	52	87000	58	0	0	0	1	40	1	0	11
0	0	1	52	25000	31	1	0	0	0	40	1	0	11
0	0	1	49	36002	40	0	0	1	0	36	0	0	11
0	0	0	52	95000	55	0	0	0	1	40	0	0	11
0	0	1	52	130000	31	0	0	0	1	50	0	1	11
1	0	1	52	10000	26	1	0	0	0	35	1	0	11
1	0	1	52	52500	30	0	0	1	0	60	1	0	11
1	0	1	52	20500	32	0	0	0	0	40	1	0	11
0	0	1	52	60000	27	0	0	1	0	40	0	0	11
0	0	1	52	42500	27	0	0	1	0	40	0	0	11
0	0	1	52	69000	25	0	0	1	0	40	0	0	11
0	0	1	52	24000	43	0	0	0	0	50	0	1	11
1	0	0	52	19000	42	0	0	0	0	40	0	1	11
1	1	0	52	30000	25	0	0	0	0	40	0	1	11
0	1	0	52	23000	32	0	0	0	0	52	0	1	11
1	0	1	52	114000	41	0	0	0	1	40	0	0	11
1	0	1	52	25500	24	1	0	0	0	40	1	0	11
1	0	1	52	125000	38	0	0	1	0	36	0	0	11
1	0	0	52	60000	41	0	0	0	1	40	0	0	11
1	0	1	52	100000	29	0	0	0	1	40	0	0	11
0	0	0	52	65000	31	0	0	1	0	40	0	1	11
1	0	1	52	50000	37	0	0	0	1	42	0	0	11
0	0	1	52	120000	36	0	0	0	1	50	1	0	11
1	0	1	52	36000	38	0	1	0	0	40	1	0	11
1	0	1	52	64000	30	0	0	0	1	60	0	0	11
1	0	0	52	94002	62	0	0	0	1	38	1	0	11
1	0	0	52	107000	44	0	1	0	0	40	1	0	11
1	0	0	52	64000	50	0	1	0	0	40	1	0	11
1	0	1	52	62000	36	0	0	0	1	40	0	0	11
1	0	1	52	44000	36	0	0	0	1	40	0	0	11
0	0	1	52	110001	28	0	0	1	0	40	0	0	11
0	0	1	52	60000	47	0	0	0	1	50	0	0	11
0	0	1	52	35000	61	0	0	0	0	40	1	0	11
1	0	0	52	43000	28	0	0	1	0	40	1	0	11
0	1	0	52	120000	32	0	0	1	0	40	0	0	11
1	1	0	52	80000	32	0	0	1	0	40	1	0	11
1	1	0	52	150000	63	0	1	0	0	50	1	1	11
1	0	0	52	52000	44	0	1	0	0	40	1	0	11
0	0	1	52	20000	36	1	0	0	0	40	1	0	11
0	0	1	52	30000	45	1	0	0	0	40	1	0	11
0	1	0	52	55000	52	0	0	0	1	50	0	0	11
0	0	1	52	45000	24	0	0	1	0	40	0	0	11
0	0	1	52	55000	26	0	0	1	0	40	0	0	11
0	0	1	52	68000	28	0	0	1	0	50	1	0	11
1	0	1	52	45000	25	0	0	1	0	50	1	0	11
0	0	0	52	170000	48	0	0	1	0	75	1	0	11
1	0	1	52	33000	26	0	0	1	0	50	1	0	11
0	0	1	52	33000	25	0	0	1	0	40	0	0	11
0	0	1	52	43000	25	0	0	1	0	40	0	0	11
0	1	0	52	90000	55	0	0	1	0	50	0	0	11
1	1	0	52	82000	46	0	0	0	1	50	0	0	11
1	0	0	52	38000	46	1	0	0	0	35	0	1	11
0	1	0	52	100000	35	0	0	1	0	40	0	0	11
1	1	0	52	63000	34	0	0	0	1	40	0	0	11
0	0	1	52	100000	30	0	0	1	0	45	1	0	11
0	1	0	52	140000	37	0	0	0	1	40	0	1	11
0	0	1	52	120000	50	0	0	0	1	40	0	0	11
0	0	1	52	65000	30	0	0	1	0	45	0	0	11
0	0	1	52	60000	33	0	0	0	1	40	0	0	11
1	0	1	52	39000	24	0	0	1	0	40	0	0	11
1	0	1	52	49500	24	0	0	1	0	50	0	0	11
0	1	0	52	41000	41	1	0	0	0	50	0	0	11
0	1	0	52	90000	62	0	0	1	0	40	0	0	11
1	0	1	52	13000	44	0	1	0	0	50	1	0	11
1	0	0	52	50000	45	0	1	0	0	40	1	0	11
1	0	1	52	30000	32	0	1	0	0	40	1	0	11
1	0	1	52	141000	40	0	0	1	0	40	1	0	11
1	0	0	52	24000	60	1	0	0	0	40	1	0	11
1	1	0	52	75000	29	0	0	0	1	52	0	1	11
0	1	0	52	124000	35	0	0	0	1	50	0	0	11
0	1	0	52	24000	38	1	0	0	0	37	1	0	11
1	0	1	52	140000	62	0	0	0	1	50	0	0	11
0	0	1	52	80000	31	0	0	1	0	40	1	0	11
1	1	0	52	48000	60	0	0	0	1	35	0	0	11
0	1	0	52	1099999	53	0	0	0	1	70	0	0	11
0	1	0	52	180000	32	0	0	0	1	45	1	0	11
1	1	0	52	200000	33	0	0	0	1	55	0	0	11
0	1	0	52	35000	63	1	0	0	0	40	1	0	11
0	0	1	52	30000	33	0	1	0	0	40	1	0	11
0	1	0	52	28002	28	0	0	1	0	40	1	0	11
1	1	0	52	32000	29	0	0	1	0	60	1	0	11
0	0	1	52	45000	28	0	0	1	0	40	0	0	11
1	1	0	52	65000	33	0	0	1	0	40	1	0	11
0	1	0	52	70000	29	0	1	0	0	50	1	0	11
0	1	0	52	155000	39	0	0	0	1	40	0	0	11
1	1	0	52	240000	36	0	0	0	1	35	0	1	11
1	0	1	50	40000	25	0	0	0	1	40	0	0	11
1	0	1	52	32000	26	0	1	0	0	40	1	0	11
1	0	1	52	20000	37	1	0	0	0	40	1	0	11
0	1	0	52	85000	36	0	0	1	0	45	0	0	11
1	1	0	52	25000	35	0	0	0	1	40	0	0	11
1	0	1	52	167000	27	0	0	0	1	40	0	0	11
1	1	0	52	33000	32	0	0	1	0	40	0	1	11
0	1	0	52	79000	33	0	0	1	0	42	0	1	11
1	0	1	52	80000	34	0	0	1	0	40	0	0	11
0	1	0	52	100000	37	0	0	1	0	40	0	0	11
1	1	0	52	87000	34	0	0	0	1	40	1	0	11
1	0	1	52	75000	49	0	1	0	0	60	1	0	11
1	0	0	52	48000	50	1	0	0	0	55	1	0	11
1	1	0	52	50000	26	0	1	0	0	35	0	0	11
0	1	0	52	155000	60	0	0	0	1	43	0	0	11
1	1	0	52	60000	33	0	0	1	0	40	0	0	11
0	1	0	52	100000	37	0	0	0	1	45	0	0	11
0	0	0	52	150000	53	0	0	0	1	40	1	1	11
0	0	0	52	70000	49	0	0	0	1	40	1	0	11
1	0	1	48	60000	34	0	0	0	1	40	1	1	11
1	0	1	52	52000	33	0	0	0	1	40	0	1	11
0	0	0	52	46000	54	0	0	1	0	65	0	1	11
1	1	0	52	35000	33	0	0	0	0	40	0	1	11
0	1	0	52	20000	36	1	0	0	0	40	0	1	11
1	0	0	52	60000	28	0	0	1	0	40	1	1	11
0	1	0	52	100000	40	0	0	1	0	40	0	0	11
1	1	0	52	100000	36	0	0	0	1	40	0	1	11
0	0	1	50	25000	30	1	0	0	0	52	0	1	11
1	0	1	52	29500	34	0	0	1	0	35	0	0	11
1	0	1	52	50000	30	0	0	0	1	50	0	1	11
0	1	0	52	36000	26	0	0	0	0	40	0	1	11
1	0	1	52	40000	46	0	0	0	1	60	0	1	11
1	0	1	52	45000	26	0	0	1	0	40	0	0	11
0	0	1	52	100000	29	0	0	1	0	50	0	0	11
0	0	1	52	150000	28	0	0	0	1	50	0	1	11
0	0	1	52	111000	27	0	0	0	1	50	0	1	11
1	0	0	52	75000	39	0	0	0	1	45	0	1	11
0	0	1	52	42000	30	0	0	1	0	40	1	0	11
1	0	1	52	37000	24	0	0	1	0	40	0	0	11
0	0	1	52	75000	39	0	0	0	1	50	0	1	11
0	0	1	52	23000	33	0	0	0	1	40	0	1	11
1	0	1	52	50000	30	0	0	0	1	40	0	1	11
1	0	1	52	30888	27	0	0	0	0	40	0	1	11
0	0	1	52	61672	29	0	1	0	0	40	0	1	11
0	0	1	52	26000	28	1	0	0	0	40	0	1	11
0	1	0	52	25000	44	0	0	0	0	40	0	1	11
0	1	0	52	235000	35	0	0	0	1	50	0	0	11
1	1	0	52	140000	34	0	0	0	1	50	0	1	11
0	1	0	52	25000	53	0	0	0	1	50	1	1	11
1	1	0	52	55000	63	0	1	0	0	40	1	1	11
0	0	1	52	45000	24	0	0	1	0	40	0	0	11
0	0	1	52	38000	34	0	0	1	0	40	0	0	11
0	0	1	52	45000	26	0	0	1	0	40	0	1	11
0	0	1	52	45000	24	0	0	1	0	40	0	0	11
1	1	0	52	52000	38	0	0	1	0	40	0	1	11
0	1	0	52	80000	43	0	0	0	1	35	0	0	11
1	1	0	52	80000	40	0	0	0	1	40	0	1	11
1	0	1	52	90000	40	0	0	1	0	40	0	1	11
0	1	0	52	55000	41	0	0	0	1	60	0	1	11
1	1	0	52	46000	31	0	0	1	0	40	0	0	11
0	1	0	52	40000	35	0	1	0	0	40	1	1	11
1	0	1	52	26000	47	0	0	1	0	40	0	1	11
0	1	0	52	140000	31	0	0	0	1	50	0	0	11
1	1	0	52	90000	29	0	0	1	0	40	0	1	11
1	0	1	52	40250	27	0	0	1	0	60	0	1	11
1	0	1	52	180000	35	0	0	0	1	40	0	1	11
0	1	0	52	19000	40	0	0	0	0	40	1	0	11
1	0	1	52	22000	28	0	0	1	0	40	1	1	11
0	0	1	52	22000	27	1	0	0	0	35	0	1	11
0	0	1	52	55000	27	1	0	0	0	40	0	1	11
1	1	0	52	80000	42	0	0	0	1	40	0	1	11
0	1	0	52	90000	39	0	0	1	0	50	0	0	11
1	0	1	52	22000	33	0	0	0	0	40	1	1	11
0	0	1	52	10000	29	0	0	0	0	40	0	1	11
1	0	1	52	42000	27	0	0	1	0	40	0	1	11
0	1	0	52	26000	37	0	0	0	0	40	0	1	11
1	0	1	52	22000	25	0	0	1	0	40	0	0	11
0	0	1	52	52000	31	0	0	1	0	40	0	1	11
0	0	1	52	125000	31	0	0	0	1	40	0	0	11
0	0	1	52	77000	26	0	0	1	0	40	1	0	11
0	0	1	52	65000	27	0	0	0	1	40	0	1	11
1	0	1	52	65000	28	0	0	0	1	45	0	0	11
1	0	1	52	140000	55	0	0	0	1	40	0	1	11
0	1	0	52	70000	33	0	0	1	0	45	0	0	11
1	0	1	52	80000	30	0	0	1	0	80	0	1	11
1	0	1	52	65000	31	0	0	0	1	40	0	1	11
1	0	1	52	65000	27	0	0	0	1	40	0	1	11
0	1	0	52	30000	34	1	0	0	0	40	0	1	11
1	1	0	52	184000	37	0	0	0	1	50	0	1	11
0	1	0	52	112000	36	0	0	0	1	40	0	0	11
0	0	1	52	70000	33	0	0	0	1	40	0	1	11
1	0	1	52	52000	31	0	0	0	1	40	0	0	11
1	0	1	52	80000	33	0	0	1	0	50	0	1	11
0	0	1	52	30000	35	0	1	0	0	40	0	1	11
0	0	1	52	80000	33	1	0	0	0	40	0	1	11
1	0	0	52	31000	59	0	0	0	0	40	0	1	11
1	0	1	52	37000	24	0	0	1	0	40	0	0	11
0	1	0	52	80000	59	0	0	0	1	50	0	1	11
1	0	0	52	61000	25	0	0	1	0	40	0	1	11
0	1	0	52	84000	32	0	0	1	0	40	0	1	11
1	1	0	52	85000	35	0	0	1	0	40	0	0	11
1	0	0	52	88000	45	0	0	0	1	40	0	1	11
0	0	1	52	88000	29	0	0	1	0	50	0	1	11
1	0	1	52	80000	27	0	0	1	0	50	0	0	11
0	1	0	52	46000	33	0	1	0	0	40	0	1	11
1	0	0	52	65000	41	0	0	1	0	40	1	1	11
1	0	0	52	42000	33	0	1	0	0	40	1	1	11
0	1	0	52	52000	49	0	0	0	1	60	0	1	11
1	0	1	52	34000	27	0	0	1	0	35	0	0	11
1	0	1	50	78000	27	0	0	0	1	40	0	0	11
1	0	0	52	60000	57	0	1	0	0	40	0	1	11
0	1	0	52	125000	35	0	0	1	0	50	0	0	11
0	1	0	52	130000	35	0	0	1	0	40	0	1	11
1	1	0	52	200000	30	0	0	0	1	40	1	0	11
0	0	1	52	31200	32	0	0	0	0	65	1	1	11
1	0	1	52	66500	35	0	0	0	1	40	0	1	11
1	0	0	48	150000	59	0	0	0	1	55	0	0	11
1	0	0	50	150002	46	0	0	0	1	55	0	1	11
1	0	1	52	28000	37	0	0	0	0	40	0	1	11
0	0	1	52	108000	37	0	0	0	1	50	0	1	11
0	1	0	52	100000	56	0	0	0	1	50	1	0	11
1	0	0	52	40000	60	0	1	0	0	40	1	0	11
1	0	0	52	69000	55	0	1	0	0	40	1	0	11
0	1	0	52	95000	41	0	0	1	0	45	0	0	11
1	1	0	52	89000	46	0	0	0	1	40	1	0	11
1	0	1	52	42000	64	0	0	0	1	50	1	0	11
0	0	0	52	100000	35	0	0	1	0	40	1	0	11
0	0	1	52	20000	59	1	0	0	0	36	1	0	11
1	0	1	52	24000	52	0	1	0	0	40	1	0	11
0	0	1	52	40000	25	0	0	1	0	40	0	0	11
0	0	1	52	40000	26	0	0	1	0	40	0	0	11
1	0	1	52	55000	52	1	0	0	0	40	1	0	11
0	0	1	52	60000	27	1	0	0	0	40	1	0	11
0	0	1	52	40000	58	0	0	0	1	40	1	0	11
1	1	0	52	40000	57	0	1	0	0	36	1	0	11
1	0	1	52	32000	51	0	0	0	0	40	1	0	11
1	0	1	52	60000	35	0	0	0	1	70	1	0	11
1	0	1	52	71500	40	0	0	0	1	40	1	0	11
0	1	0	52	35000	55	1	0	0	0	40	1	0	11
1	0	1	52	23000	59	1	0	0	0	40	1	0	11
1	0	1	52	68000	42	0	0	1	0	60	1	0	11
0	1	0	52	160000	40	0	0	1	0	40	0	0	11
1	0	1	52	135000	40	0	0	0	1	40	0	0	11
1	1	0	52	90000	32	0	0	0	1	60	0	0	11
0	1	0	52	150000	34	0	0	0	1	60	0	0	11
0	1	0	52	55000	28	0	0	0	1	40	0	0	11
1	1	0	52	84000	31	0	0	0	1	50	1	0	11
1	0	1	52	55000	58	1	0	0	0	40	1	0	11
1	0	1	52	35000	48	0	1	0	0	40	1	0	11
0	0	1	52	20000	42	0	1	0	0	35	1	0	11
0	1	0	48	42000	60	0	1	0	0	40	1	0	11
0	1	0	52	500000	35	0	0	0	1	50	0	0	11
0	1	0	52	130000	34	0	0	0	1	45	0	0	11
1	1	0	50	45000	37	0	0	0	1	40	0	0	11
1	0	0	52	55473	54	0	1	0	0	80	1	0	11
0	0	1	52	42000	33	0	1	0	0	40	1	0	11
0	1	0	52	80000	34	0	0	1	0	45	0	0	11
0	1	0	52	136000	43	0	0	0	1	40	0	0	11
1	1	0	52	100000	37	0	0	0	1	40	0	0	11
0	0	1	52	130000	37	0	0	0	1	40	0	0	11
1	1	0	52	160000	45	0	0	0	1	40	0	0	11
0	1	0	52	270000	46	0	0	0	1	40	0	0	11
1	1	0	52	79000	37	0	0	0	1	40	0	0	11
0	1	0	52	63000	40	0	0	0	1	40	0	0	11
1	1	0	52	90000	42	0	0	1	0	40	0	0	11
0	1	0	52	150000	42	0	0	0	1	50	0	0	11
0	0	1	52	45000	47	0	1	0	0	40	1	0	11
1	0	1	52	52000	30	0	0	0	1	60	1	0	11
0	0	1	50	38000	30	0	0	1	0	35	0	0	11
0	0	1	52	55000	26	0	0	1	0	40	1	0	11
1	0	0	52	13000	56	1	0	0	0	40	1	0	11
1	0	1	52	35000	42	1	0	0	0	40	1	0	11
1	1	0	48	300000	43	0	0	1	0	60	0	0	11
0	1	0	48	440000	45	0	0	0	1	60	0	0	11
0	1	0	52	35000	45	0	0	1	0	45	1	0	11
1	1	0	52	96000	41	0	0	0	1	40	0	0	11
0	1	0	52	50000	54	0	1	0	0	40	1	0	11
1	1	0	52	47000	56	0	0	1	0	40	1	0	11
0	1	0	52	350000	55	0	0	0	1	50	0	0	11
1	0	0	52	26000	41	0	1	0	0	40	1	0	11
0	0	1	52	64000	31	0	0	0	1	48	1	0	11
1	1	0	52	50000	61	1	0	0	0	40	1	0	11
0	1	0	52	50000	61	0	0	1	0	40	1	0	11
0	1	0	52	100000	35	0	0	0	1	45	0	0	11
0	0	0	52	37000	40	1	0	0	0	60	1	0	11
1	0	1	52	61000	24	0	0	1	0	40	1	0	11
0	1	0	52	52800	34	0	0	0	1	45	0	0	11
1	1	0	52	100002	35	0	0	1	0	40	0	0	11
0	1	0	52	60000	34	0	0	1	0	40	1	0	11
1	1	0	52	89000	36	0	0	0	1	40	1	0	11
0	0	1	52	6240	32	1	0	0	0	40	1	0	11
1	0	1	52	19110	46	1	0	0	0	40	1	0	11
0	0	0	52	45000	53	1	0	0	0	40	1	0	11
1	0	0	52	303000	39	0	0	0	1	50	1	0	11
0	1	0	52	100000	37	0	0	0	1	40	0	0	11
1	0	1	52	43000	36	1	0	0	0	40	1	0	11
1	0	1	52	160000	36	0	0	0	1	40	1	0	11
0	1	0	52	150000	41	0	0	0	1	50	0	0	11
0	1	0	52	140000	52	0	1	0	0	50	1	0	11
1	0	1	52	66000	56	0	1	0	0	40	1	0	11
0	0	1	52	65000	34	0	0	1	0	40	1	0	11
1	1	0	52	100000	38	0	0	0	1	60	0	0	11
0	1	0	52	100000	35	0	0	0	1	80	0	0	11
1	0	1	52	60000	36	1	0	0	0	40	1	0	11
1	0	1	52	25000	26	1	0	0	0	40	1	0	11
0	0	1	52	27000	52	1	0	0	0	40	1	0	11
1	0	1	52	48000	36	0	0	1	0	35	1	0	11
1	0	1	52	12000	41	1	0	0	0	40	1	0	11
0	1	0	52	124000	34	0	0	0	1	40	1	0	11
1	1	0	52	140000	33	0	0	0	1	40	1	0	11
0	0	0	52	42000	56	1	0	0	0	40	1	0	11
0	1	0	52	150000	42	0	0	0	1	40	0	0	11
1	1	0	52	150000	42	0	0	0	1	40	0	0	11
1	0	1	52	55000	59	1	0	0	0	40	1	0	11
1	0	1	52	16000	57	1	0	0	0	40	1	0	11
1	0	1	52	43000	41	0	1	0	0	40	1	0	11
0	0	1	52	135000	36	0	0	1	0	50	1	0	11
1	0	1	52	20000	48	1	0	0	0	40	1	0	11
0	0	0	52	64000	43	0	0	1	0	60	1	0	11
0	1	0	52	77000	63	1	0	0	0	40	1	0	11
0	0	1	52	12000	29	1	0	0	0	40	1	0	11
1	1	0	52	125000	38	1	0	0	0	40	1	0	11
0	1	0	52	72000	44	0	0	0	1	50	1	0	11
1	0	1	52	65000	37	0	1	0	0	40	1	0	11
0	1	0	52	85000	61	0	1	0	0	40	1	0	11
1	0	0	52	45000	29	0	0	1	0	40	1	0	11
1	1	0	52	190000	41	0	0	0	1	52	1	0	11
0	1	0	52	230000	41	0	0	0	1	50	1	0	11
1	0	1	52	65000	28	0	0	1	0	40	0	0	11
1	0	1	52	60000	28	0	0	1	0	40	1	0	11
1	0	1	52	60000	27	0	0	0	1	40	0	0	11
1	0	1	52	40000	25	0	0	1	0	50	1	0	11
0	0	0	52	66000	62	0	0	0	1	40	1	0	11
0	1	0	52	80000	43	0	0	0	1	45	0	0	11
1	1	0	52	275000	37	0	0	0	1	40	0	0	11
1	0	1	52	80000	43	0	0	0	1	40	1	0	11
0	0	0	52	75000	34	0	1	0	0	40	0	0	11
1	0	1	52	140000	32	0	0	0	1	55	1	0	11
0	1	0	52	75000	35	0	0	1	0	40	1	0	11
1	1	0	52	60000	30	0	0	1	0	40	1	0	11
1	1	0	52	50000	55	1	0	0	0	40	1	0	11
0	1	0	52	150000	44	0	0	0	1	50	0	0	11
1	1	0	52	50000	53	0	1	0	0	40	1	0	11
1	0	1	52	53000	62	0	0	1	0	35	1	0	11
0	1	0	52	18000	61	1	0	0	0	40	1	0	11
1	1	0	48	32000	41	0	0	1	0	35	1	0	11
0	1	0	52	47000	46	0	1	0	0	40	1	0	11
0	1	0	52	55000	59	1	0	0	0	40	1	0	11
0	0	0	52	42000	30	0	0	1	0	40	1	0	11
0	1	0	52	60000	35	0	1	0	0	40	1	0	11
1	1	0	52	55000	36	0	0	1	0	40	1	0	11
1	1	0	52	70200	53	0	0	1	0	40	1	0	11
0	0	1	52	68000	30	0	0	1	0	40	1	0	11
1	0	1	52	27000	28	1	0	0	0	40	1	0	11
1	0	1	52	28000	38	1	0	0	0	40	1	0	11
0	1	0	52	30000	62	1	0	0	0	40	1	0	11
1	0	1	52	30000	42	1	0	0	0	40	1	0	11
1	1	0	52	96000	52	0	0	1	0	40	0	0	11
0	1	0	52	95000	53	0	0	1	0	50	0	0	11
0	1	0	52	84000	52	0	0	0	1	60	1	0	11
1	0	1	52	115000	54	0	0	1	0	50	1	0	11
1	0	0	52	70002	55	0	0	1	0	40	1	0	11
1	0	1	52	94000	34	0	0	0	1	35	1	0	11
0	0	1	52	45000	26	0	0	0	1	40	1	0	11
0	0	1	52	51000	27	0	0	1	0	40	0	0	11
0	0	0	52	350000	55	0	0	0	1	50	1	0	11
1	0	1	52	47000	29	0	0	1	0	40	1	0	11
0	1	0	52	100000	37	0	0	0	1	40	1	0	11
1	0	1	52	30000	56	0	1	0	0	40	1	0	11
1	0	1	52	28000	36	1	0	0	0	36	1	0	11
1	0	0	52	119000	58	0	0	0	1	40	1	0	11
0	0	1	52	44000	30	0	0	1	0	40	1	0	11
1	0	1	52	21000	63	1	0	0	0	40	1	0	11
0	1	0	52	180000	49	0	0	0	1	45	0	0	11
1	1	0	52	141000	49	0	0	0	1	50	1	0	11
0	0	1	52	44000	24	0	0	1	0	40	0	0	11
0	0	1	52	102000	28	0	0	0	1	40	0	0	11
0	0	1	52	10000	28	0	0	0	1	40	0	0	11
0	0	1	52	34000	26	0	0	1	0	40	1	0	11
1	0	1	52	53000	25	0	0	1	0	40	0	0	11
0	0	1	52	88000	25	0	0	1	0	52	0	0	11
0	0	1	52	57000	24	0	0	1	0	40	0	0	11
0	1	0	52	85530	57	0	0	0	1	40	1	0	11
0	1	0	52	26000	41	0	0	1	0	40	1	0	11
1	1	0	52	41600	38	0	0	0	1	40	1	0	11
0	1	0	52	36400	43	1	0	0	0	40	1	0	11
0	0	0	52	55000	41	0	1	0	0	40	1	0	11
0	0	1	52	42000	54	1	0	0	0	40	1	0	11
0	0	0	52	54000	57	1	0	0	0	40	1	0	11
1	0	1	52	20000	25	0	1	0	0	40	1	0	11
1	0	1	52	8000	27	1	0	0	0	40	1	0	11
0	1	0	52	100000	45	0	0	1	0	50	1	0	11
1	1	0	52	100000	48	0	0	1	0	40	1	0	11
0	0	1	52	37000	32	0	0	1	0	40	0	0	11
0	0	1	52	15000	24	0	0	1	0	40	0	0	11
0	1	0	52	80000	50	0	0	1	0	40	0	0	11
1	1	0	52	20000	46	0	0	1	0	35	0	0	11
0	0	1	52	138000	51	0	0	1	0	50	1	0	11
0	1	0	52	180000	50	0	0	0	1	50	0	0	11
1	1	0	52	110000	47	0	0	0	1	45	1	0	11
0	1	0	52	160000	45	0	0	0	1	50	0	0	11
1	1	0	50	55000	42	0	0	0	1	35	0	0	11
1	1	0	52	155000	45	0	0	0	1	40	0	0	11
1	0	1	52	35000	26	0	0	1	0	40	0	0	11
1	0	1	52	15000	32	1	0	0	0	40	1	0	11
1	0	1	52	35300	47	0	0	1	0	40	1	0	11
1	1	0	52	96000	33	0	0	0	1	40	1	0	11
0	1	0	52	220000	34	0	0	0	1	40	1	0	11
1	1	0	52	130000	40	0	0	0	1	40	0	0	11
1	0	1	52	70002	50	0	0	1	0	80	1	0	11
1	0	0	52	106000	45	0	0	0	1	45	1	0	11
0	1	0	52	65000	49	0	0	1	0	40	1	0	11
1	1	0	52	18000	38	1	0	0	0	40	1	0	11
0	0	0	52	20000	29	1	0	0	0	40	1	0	11
0	0	1	52	40000	30	1	0	0	0	40	1	0	11
0	0	0	52	36000	26	1	0	0	0	55	1	0	11
1	0	0	52	24000	25	0	0	1	0	40	1	0	11
0	0	0	52	45000	59	0	0	1	0	40	1	0	11
1	0	1	52	116000	37	0	0	1	0	40	1	0	11
0	0	1	52	57000	24	0	0	1	0	45	1	0	11
1	0	1	52	110000	56	0	0	0	1	40	1	0	11
0	0	1	52	25000	43	1	0	0	0	60	1	0	11
1	0	1	52	100000	39	0	0	0	1	40	0	0	11
0	0	1	52	33500	47	1	0	0	0	40	1	0	11
0	0	1	52	70000	27	0	0	1	0	40	1	0	11
1	0	1	52	40000	27	0	0	1	0	40	0	1	11
1	1	0	52	52000	49	0	0	1	0	40	1	0	11
0	0	1	52	10000	32	1	0	0	0	56	1	0	11
1	0	0	52	140000	48	0	0	0	1	40	1	0	11
0	1	0	52	60000	35	0	0	0	1	40	1	0	11
1	1	0	52	300000	35	0	0	0	1	55	0	0	11
1	1	0	52	90800	35	0	0	0	1	45	0	0	11
0	1	0	52	24000	44	0	0	0	1	50	1	0	11
1	0	1	52	18000	28	1	0	0	0	40	1	0	11
0	0	0	52	85000	35	0	0	0	1	42	0	0	11
0	0	0	52	105000	44	0	0	0	1	35	0	0	11
1	0	1	52	36000	28	0	1	0	0	40	1	0	11
0	0	1	52	200000	34	1	0	0	0	52	1	0	11
0	0	1	52	110002	38	0	0	0	1	50	1	0	11
1	0	1	52	35000	31	0	0	0	1	48	1	0	11
0	0	0	52	39000	32	1	0	0	0	35	0	1	11
0	1	0	52	145000	38	0	0	0	1	40	0	0	11
1	1	0	52	125002	38	0	0	1	0	50	1	0	11
0	0	1	52	130000	33	0	0	1	0	40	1	0	11
1	0	1	52	90000	55	0	0	1	0	40	1	0	11
1	0	1	52	12002	32	1	0	0	0	35	0	0	11
1	0	1	52	48002	55	0	0	0	1	40	1	0	11
0	1	0	52	72000	58	0	0	0	0	40	1	0	11
1	0	1	52	180000	26	0	0	0	1	52	0	1	11
1	1	0	52	80000	34	0	0	0	1	40	0	0	11
0	1	0	52	150000	34	0	0	0	1	45	0	0	11
1	0	1	52	90000	33	0	0	0	1	60	1	0	11
1	0	1	52	46000	24	0	0	1	0	40	0	0	11
0	0	1	52	65000	24	0	0	1	0	60	0	1	11
0	1	0	52	45000	35	0	0	0	0	40	0	1	11
0	0	1	52	21000	25	1	0	0	0	38	0	1	11
0	0	1	52	60000	31	0	0	1	0	40	1	0	11
1	1	0	52	90000	46	0	0	0	1	40	0	0	11
0	1	0	52	100000	38	0	0	0	1	40	0	0	11
1	1	0	52	120000	39	0	0	0	1	40	0	0	11
0	1	0	52	290000	38	0	0	0	1	50	0	0	11
0	0	1	52	60000	34	0	0	1	0	50	0	0	11
1	0	1	52	37000	37	0	1	0	0	40	1	0	11
0	0	1	52	50000	41	0	1	0	0	40	1	0	11
0	0	0	52	53000	50	0	0	1	0	45	1	0	11
0	1	0	52	35000	28	0	0	0	1	40	1	0	11
1	1	0	52	115000	28	0	0	0	1	50	1	1	11
0	0	1	52	82000	38	0	0	1	0	40	1	0	11
1	1	0	52	20000	49	1	0	0	0	40	1	0	11
0	1	0	52	40000	47	1	0	0	0	40	1	0	11
1	0	1	52	74000	32	0	0	0	1	35	0	0	11
1	0	1	52	45000	26	0	0	1	0	40	0	1	11
1	0	1	52	32000	51	1	0	0	0	40	1	0	11
0	0	0	52	47000	60	1	0	0	0	40	1	0	11
0	1	0	52	29000	38	1	0	0	0	40	0	1	11
1	1	0	52	35000	51	1	0	0	0	40	1	0	11
1	0	0	52	85000	36	0	0	1	0	40	1	0	11
1	0	1	52	35000	27	1	0	0	0	38	1	0	11
0	0	1	52	80000	28	0	0	0	1	40	1	0	11
0	0	0	48	30000	25	1	0	0	0	48	1	0	11
1	0	1	52	90000	29	0	0	0	1	45	0	1	11
1	0	1	52	36200	32	0	0	0	1	52	1	0	11
0	0	1	52	42000	30	0	0	1	0	50	1	0	11
1	1	0	52	160000	50	0	0	0	1	60	0	1	11
0	1	0	52	125000	53	0	0	0	1	40	0	1	11
0	1	0	52	120000	41	0	0	0	1	50	0	1	11
1	1	0	52	58000	41	0	0	1	0	50	0	0	11
0	1	0	52	350000	38	0	0	0	1	45	0	0	11
1	1	0	52	130000	41	0	0	0	1	50	0	0	11
1	0	1	52	62000	35	0	0	0	1	40	0	0	11
0	0	1	52	50000	39	0	0	0	1	40	1	0	11
1	0	1	52	81000	34	0	0	0	1	50	1	0	11
1	0	1	52	140000	27	0	0	0	1	55	1	0	11
1	0	0	52	31000	64	0	0	0	0	40	0	1	11
1	0	1	52	50000	27	0	0	1	0	40	0	0	11
1	0	1	52	42000	26	0	0	1	0	45	1	0	11
1	1	0	52	45000	29	0	0	0	1	40	0	0	11
1	0	1	52	90000	37	0	1	0	0	40	1	0	11
1	0	1	52	35000	37	1	0	0	0	52	1	0	11
0	0	1	52	28000	32	0	1	0	0	40	0	1	11
1	0	1	52	80000	26	0	0	1	0	55	1	0	11
1	0	0	52	116000	41	0	0	1	0	40	0	0	11
0	0	1	52	115000	48	0	0	0	1	37	1	0	11
1	1	0	52	32000	45	0	0	0	1	40	0	0	11
0	1	0	52	22797	57	0	1	0	0	40	1	0	11
1	0	1	52	97200	43	1	0	0	0	40	1	0	11
1	1	0	52	16500	51	1	0	0	0	40	1	0	11
0	0	1	52	60000	24	0	1	0	0	40	1	0	11
1	0	1	52	28000	27	1	0	0	0	55	1	0	11
0	0	1	52	30000	45	1	0	0	0	60	1	0	11
0	0	0	52	45000	54	0	1	0	0	40	1	0	11
0	0	1	52	77000	32	0	0	0	1	40	1	0	11
1	1	0	52	16640	63	0	0	0	0	36	0	1	11
1	0	1	52	31000	29	0	1	0	0	40	1	0	11
0	0	0	52	32000	40	1	0	0	0	35	1	0	11
